shape_id,shape_pt_lat,shape_pt_lon,shape_pt_sequence,shape_dist_traveled
8d09d153-f475-4f7b-b815-d041ee32d285,30.6102468437103,-96.3462919799264,14,3370.38
8d09d153-f475-4f7b-b815-d041ee32d285,30.615159309814,-96.3373307190735,0,0
d7ea0482-eb9d-459f-b0d7-c875592dabed,30.6192215156091,-96.3463912216658,7,1128.05
2828670d-620c-4206-aac9-4fa44ee4e8b8,30.6119071311895,-96.3185109983987,0,0
8d09d153-f475-4f7b-b815-d041ee32d285,30.6168356905482,-96.3424738551661,7,1504.37
8d09d153-f475-4f7b-b815-d041ee32d285,30.6068176392804,-96.3471435813394,22,4661.06
f8931a03-3bc9-4168-98a6-63fe30d60a2f,30.605307555515,-96.3431055154267,15,2308.19
01a8fe84-5758-4cea-b642-41f6534cd8ac,30.6044975283442,-96.3484913914496,13,1749.32
01a8fe84-5758-4cea-b642-41f6534cd8ac,30.6065132085391,-96.3469155935595,46,8349.95
01a8fe84-5758-4cea-b642-41f6534cd8ac,30.6003602206922,-96.3521552891824,18,2677.03
01a8fe84-5758-4cea-b642-41f6534cd8ac,30.6097332006534,-96.3466996757209,51,8844.42
d7ea0482-eb9d-459f-b0d7-c875592dabed,30.6170824537922,-96.346855243853,31,7912.79
01a8fe84-5758-4cea-b642-41f6534cd8ac,30.6094676619451,-96.3469638733246,50,8805.57
d7ea0482-eb9d-459f-b0d7-c875592dabed,30.6191718947394,-96.3464462069539,29,7599.92
01a8fe84-5758-4cea-b642-41f6534cd8ac,30.6007008612574,-96.3573721860273,22,3414.12
01a8fe84-5758-4cea-b642-41f6534cd8ac,30.6046758952544,-96.3543225141956,26,4044.24
8d09d153-f475-4f7b-b815-d041ee32d285,30.6189492713779,-96.339402725661,32,6607.42
f8931a03-3bc9-4168-98a6-63fe30d60a2f,30.6114806599308,-96.3470859138421,21,3196.56
fbfc6382-05c4-429c-9837-e0e3c37adaa9,30.6634712614698,-96.352793654966,35,10623.89
8d09d153-f475-4f7b-b815-d041ee32d285,30.6144458421734,-96.3425918723698,28,5917.28
f5ecdce1-597b-4c87-b15d-29fc5377f08b,30.6164373824857,-96.3436097707516,8,1583.3
f8931a03-3bc9-4168-98a6-63fe30d60a2f,30.6046651664177,-96.3419387544357,14,2175.72
3b608e2a-6753-4bbe-ab22-edf3d3dda9fe,30.6124583251749,-96.3484659104625,7,1174.96
01a8fe84-5758-4cea-b642-41f6534cd8ac,30.6133796640265,-96.3414653445164,57,9734.95
f5ecdce1-597b-4c87-b15d-29fc5377f08b,30.6128888197475,-96.3421600366926,14,2297.65
f8931a03-3bc9-4168-98a6-63fe30d60a2f,30.609536058279,-96.3471851555816,10,1346.85
65da8aba-5a77-44d3-baab-11695d619ef3,30.613595581865,-96.3383955561158,10,3387.98
01a8fe84-5758-4cea-b642-41f6534cd8ac,30.6067680184107,-96.3471972255228,9,1432.81
fbfc6382-05c4-429c-9837-e0e3c37adaa9,30.6424695636314,-96.3320655424634,21,6198.14
01a8fe84-5758-4cea-b642-41f6534cd8ac,30.6072937314089,-96.3476464955596,8,1360.29
65da8aba-5a77-44d3-baab-11695d619ef3,30.6080232923045,-96.3128300793666,0,0
3b608e2a-6753-4bbe-ab22-edf3d3dda9fe,30.6177959214327,-96.3545330676158,15,3272.94
01a8fe84-5758-4cea-b642-41f6534cd8ac,30.6018300713199,-96.3528446169403,40,7318.26
65da8aba-5a77-44d3-baab-11695d619ef3,30.6135620542504,-96.3382963143764,9,3377.78
2828670d-620c-4206-aac9-4fa44ee4e8b8,30.612520015986,-96.3251910403485,7,832.07
01a8fe84-5758-4cea-b642-41f6534cd8ac,30.6056777003811,-96.3473367003999,45,8248.75
f8931a03-3bc9-4168-98a6-63fe30d60a2f,30.6097332006534,-96.3466996757209,19,2937.18
d7ea0482-eb9d-459f-b0d7-c875592dabed,30.6180426846768,-96.3457246926859,32,8064.69
3b608e2a-6753-4bbe-ab22-edf3d3dda9fe,30.615805722225,-96.3527212353182,16,3553.88
fbfc6382-05c4-429c-9837-e0e3c37adaa9,30.6301407891596,-96.3246908083374,55,17589.27
2828670d-620c-4206-aac9-4fa44ee4e8b8,30.6116053826574,-96.3240658535996,6,684.05
f5ecdce1-597b-4c87-b15d-29fc5377f08b,30.6130779154943,-96.3447497096509,12,2029.12
d7ea0482-eb9d-459f-b0d7-c875592dabed,30.6396907949263,-96.3582452451137,20,4866.16
f5ecdce1-597b-4c87-b15d-29fc5377f08b,30.615152604291,-96.344651809016,10,1789.73
f8931a03-3bc9-4168-98a6-63fe30d60a2f,30.6156863639168,-96.3438605573094,4,417.82
fa49fc04-98c3-464a-b6d0-da4808def83c,30.6203064692203,-96.3170947919544,5,1443.58
01a8fe84-5758-4cea-b642-41f6534cd8ac,30.605252570227,-96.3473930267926,44,8201.2
fbfc6382-05c4-429c-9837-e0e3c37adaa9,30.6132375069402,-96.3447631206967,65,21185.04
8d09d153-f475-4f7b-b815-d041ee32d285,30.6063455704657,-96.3467694131594,21,4597.56
d7ea0482-eb9d-459f-b0d7-c875592dabed,30.6159156928012,-96.3434448148873,34,8394.44
f8931a03-3bc9-4168-98a6-63fe30d60a2f,30.6070067350272,-96.3446585145389,16,2548.42
d7ea0482-eb9d-459f-b0d7-c875592dabed,30.6310943145212,-96.3545625719167,24,5934.1
01a8fe84-5758-4cea-b642-41f6534cd8ac,30.6056186917793,-96.3495227008774,14,1908.22
3b608e2a-6753-4bbe-ab22-edf3d3dda9fe,30.6130510934026,-96.3448234704032,5,711.87
fa49fc04-98c3-464a-b6d0-da4808def83c,30.6240722909017,-96.3128247149482,3,858.9
fbfc6382-05c4-429c-9837-e0e3c37adaa9,30.6382209442986,-96.3211248112395,50,16414.14
01a8fe84-5758-4cea-b642-41f6534cd8ac,30.6036083760028,-96.3527185531091,16,2291.59
764b2b11-004d-4943-bf06-88b4d67e463b,30.613787359821,-96.3508383244776,11,2652.7
01a8fe84-5758-4cea-b642-41f6534cd8ac,30.6056642893353,-96.3498807758022,42,7876.08
fbfc6382-05c4-429c-9837-e0e3c37adaa9,30.6273754315004,-96.3277042703452,56,18010.52
01a8fe84-5758-4cea-b642-41f6534cd8ac,30.6146563955937,-96.3422807361055,1,131.28
01a8fe84-5758-4cea-b642-41f6534cd8ac,30.6025596322155,-96.3578295026916,24,3625.25
d7ea0482-eb9d-459f-b0d7-c875592dabed,30.6180037926438,-96.3477457372991,30,7779.62
fbfc6382-05c4-429c-9837-e0e3c37adaa9,30.6410318995137,-96.3291781442868,20,5879.2
fbfc6382-05c4-429c-9837-e0e3c37adaa9,30.6278032438638,-96.3348939320382,59,18980.26
764b2b11-004d-4943-bf06-88b4d67e463b,30.6186622749962,-96.3344808718253,2,495.23
fbfc6382-05c4-429c-9837-e0e3c37adaa9,30.6366840384414,-96.319351870975,52,16666.2
3b608e2a-6753-4bbe-ab22-edf3d3dda9fe,30.6198129427322,-96.3563435588088,12,2375.63
3b608e2a-6753-4bbe-ab22-edf3d3dda9fe,30.6151660153369,-96.3520587296521,10,1716.44
01a8fe84-5758-4cea-b642-41f6534cd8ac,30.6021707118852,-96.3531168611715,17,2455.82
fbfc6382-05c4-429c-9837-e0e3c37adaa9,30.6375155232856,-96.3197702956063,51,16565.52
d7ea0482-eb9d-459f-b0d7-c875592dabed,30.6219493223398,-96.3492692321103,9,1537.53
764b2b11-004d-4943-bf06-88b4d67e463b,30.6092584496295,-96.3470389751815,17,3476.08
f8931a03-3bc9-4168-98a6-63fe30d60a2f,30.607985741376,-96.3458561209354,11,1560.94
d7ea0482-eb9d-459f-b0d7-c875592dabed,30.619504488677,-96.3467881886237,28,7550.57
01a8fe84-5758-4cea-b642-41f6534cd8ac,30.6025663377384,-96.3582251285449,34,6123.93
3b608e2a-6753-4bbe-ab22-edf3d3dda9fe,30.6197861206404,-96.3563717220051,14,2990.41
f5ecdce1-597b-4c87-b15d-29fc5377f08b,30.616472251205,-96.3477242796257,26,4471
764b2b11-004d-4943-bf06-88b4d67e463b,30.6058319274087,-96.3497439831343,19,4053.33
01a8fe84-5758-4cea-b642-41f6534cd8ac,30.6113505727858,-96.3472589163338,3,733.03
01a8fe84-5758-4cea-b642-41f6534cd8ac,30.6065078441207,-96.3469826487889,10,1468.26
f8931a03-3bc9-4168-98a6-63fe30d60a2f,30.6132026382209,-96.3417322243292,0,0
65da8aba-5a77-44d3-baab-11695d619ef3,30.612520015986,-96.3251910403485,6,1522.1
fbfc6382-05c4-429c-9837-e0e3c37adaa9,30.6158821651866,-96.3433884884947,2,401.81
fa49fc04-98c3-464a-b6d0-da4808def83c,30.6215590609049,-96.3156504223138,4,1247.49
fbfc6382-05c4-429c-9837-e0e3c37adaa9,30.642110147602,-96.331813414801,44,15025.53
3b608e2a-6753-4bbe-ab22-edf3d3dda9fe,30.614362693689,-96.3514257282868,17,3756.51
fa49fc04-98c3-464a-b6d0-da4808def83c,30.613364911876,-96.338765700982,13,4405.36
764b2b11-004d-4943-bf06-88b4d67e463b,30.6049065652434,-96.3473997323155,21,4391.94
f8931a03-3bc9-4168-98a6-63fe30d60a2f,30.6080715720696,-96.3456200865281,17,2698.28
01a8fe84-5758-4cea-b642-41f6534cd8ac,30.6083397929871,-96.3461685983043,7,1177.29
fbfc6382-05c4-429c-9837-e0e3c37adaa9,30.6550571712886,-96.3366360268972,23,7663.65
fbfc6382-05c4-429c-9837-e0e3c37adaa9,30.6375410042728,-96.3197287213641,14,4617.92
d7ea0482-eb9d-459f-b0d7-c875592dabed,30.6351270160155,-96.3546832713296,21,5477.03
01a8fe84-5758-4cea-b642-41f6534cd8ac,30.6098539000662,-96.3469062058274,5,968.24
01a8fe84-5758-4cea-b642-41f6534cd8ac,30.6137243279054,-96.34143718132,0,0
01a8fe84-5758-4cea-b642-41f6534cd8ac,30.6113197273802,-96.3471328525026,53,9084.81
f5ecdce1-597b-4c87-b15d-29fc5377f08b,30.6248179450523,-96.3525281162577,31,6419.85
fbfc6382-05c4-429c-9837-e0e3c37adaa9,30.6615668929557,-96.357759765253,37,11325.01
d7ea0482-eb9d-459f-b0d7-c875592dabed,30.6248809769679,-96.3524852009109,10,1985.52
f5ecdce1-597b-4c87-b15d-29fc5377f08b,30.6138249107495,-96.3437063302819,21,3268.99
764b2b11-004d-4943-bf06-88b4d67e463b,30.6083022420586,-96.346140435108,18,3612.73
8d09d153-f475-4f7b-b815-d041ee32d285,30.6173117826767,-96.335252006963,37,7368.01
3b608e2a-6753-4bbe-ab22-edf3d3dda9fe,30.6117274231748,-96.349556228492,18,4099.61
d7ea0482-eb9d-459f-b0d7-c875592dabed,30.61357948861,-96.3413258696393,1,110.7
8d09d153-f475-4f7b-b815-d041ee32d285,30.6198344004056,-96.3380616210736,33,6769.04
fbfc6382-05c4-429c-9837-e0e3c37adaa9,30.6245135143109,-96.3308867115311,58,18450.69
8d09d153-f475-4f7b-b815-d041ee32d285,30.615942514893,-96.3433589841937,29,6099.05
f5ecdce1-597b-4c87-b15d-29fc5377f08b,30.6180265914218,-96.3457997945428,6,1309.33
01a8fe84-5758-4cea-b642-41f6534cd8ac,30.6131852038613,-96.3446893599444,2,413.74
01a8fe84-5758-4cea-b642-41f6534cd8ac,30.6057353678784,-96.3474359421394,11,1564.42
f5ecdce1-597b-4c87-b15d-29fc5377f08b,30.6173117826767,-96.3448476102857,7,1430.16
fa49fc04-98c3-464a-b6d0-da4808def83c,30.6205760312424,-96.3206312847514,7,1912.31
fbfc6382-05c4-429c-9837-e0e3c37adaa9,30.6377327822288,-96.3277740077838,17,5415.92
fa49fc04-98c3-464a-b6d0-da4808def83c,30.6134695180338,-96.3383848272791,11,4361.4
f5ecdce1-597b-4c87-b15d-29fc5377f08b,30.6251478567808,-96.3567633245446,29,5818.97
fbfc6382-05c4-429c-9837-e0e3c37adaa9,30.6126071877841,-96.3438109364397,66,21299.92
65da8aba-5a77-44d3-baab-11695d619ef3,30.614791847157,-96.327877272837,7,1882.27
f5ecdce1-597b-4c87-b15d-29fc5377f08b,30.6190860640458,-96.3446249869242,25,4056.03
764b2b11-004d-4943-bf06-88b4d67e463b,30.6168544660124,-96.342519452722,7,1494.76
fbfc6382-05c4-429c-9837-e0e3c37adaa9,30.6163689861517,-96.343101492113,3,462.47
01a8fe84-5758-4cea-b642-41f6534cd8ac,30.6005050599876,-96.3520962805806,39,7154.55
d7ea0482-eb9d-459f-b0d7-c875592dabed,30.6248179450523,-96.3525281162577,26,6744.31
fbfc6382-05c4-429c-9837-e0e3c37adaa9,30.6202434373047,-96.3435333277901,60,20158.46
f5ecdce1-597b-4c87-b15d-29fc5377f08b,30.6191718947394,-96.3464596179998,3,854.77
3b608e2a-6753-4bbe-ab22-edf3d3dda9fe,30.6178160380015,-96.3544981988965,11,2092.12
fbfc6382-05c4-429c-9837-e0e3c37adaa9,30.6147663661698,-96.3449320998747,64,21014.39
fbfc6382-05c4-429c-9837-e0e3c37adaa9,30.6168423960711,-96.3425087238854,4,539.8
f8931a03-3bc9-4168-98a6-63fe30d60a2f,30.6103662020186,-96.3461069074933,8,1207.28
65da8aba-5a77-44d3-baab-11695d619ef3,30.6063013140143,-96.314057190064,1,224.47
f5ecdce1-597b-4c87-b15d-29fc5377f08b,30.619504488677,-96.3467881886237,2,806.26
764b2b11-004d-4943-bf06-88b4d67e463b,30.6098539000662,-96.3469062058274,16,3408.71
3b608e2a-6753-4bbe-ab22-edf3d3dda9fe,30.6113908059234,-96.347307196099,6,1012.63
fbfc6382-05c4-429c-9837-e0e3c37adaa9,30.6125307448227,-96.3427420760835,67,21402.49
fbfc6382-05c4-429c-9837-e0e3c37adaa9,30.6377140067645,-96.3285183208298,47,15704.33
f5ecdce1-597b-4c87-b15d-29fc5377f08b,30.6144230433955,-96.3450072017316,11,1877.63
01a8fe84-5758-4cea-b642-41f6534cd8ac,30.6125186748814,-96.3428279067771,56,9573.29
2828670d-620c-4206-aac9-4fa44ee4e8b8,30.6114565200482,-96.3192311715622,1,85.15
65da8aba-5a77-44d3-baab-11695d619ef3,30.609175301145,-96.3343507846803,8,2761.35
d7ea0482-eb9d-459f-b0d7-c875592dabed,30.6331435223307,-96.354174992691,23,5703.4
fbfc6382-05c4-429c-9837-e0e3c37adaa9,30.6329329689105,-96.3215888334268,54,17160.05
f5ecdce1-597b-4c87-b15d-29fc5377f08b,30.6142151721844,-96.345035364928,19,2996.25
f5ecdce1-597b-4c87-b15d-29fc5377f08b,30.6135620542504,-96.3413151408026,15,2407.76
f8931a03-3bc9-4168-98a6-63fe30d60a2f,30.6102897590571,-96.3459996191263,20,3028.32
764b2b11-004d-4943-bf06-88b4d67e463b,30.615159309814,-96.3373307190735,0,0
764b2b11-004d-4943-bf06-88b4d67e463b,30.6136237450614,-96.3382426701929,27,5824.83
d7ea0482-eb9d-459f-b0d7-c875592dabed,30.6199188899946,-96.3457287159996,6,1027.96
8d09d153-f475-4f7b-b815-d041ee32d285,30.6095266705469,-96.3470094708806,25,5089.12
d7ea0482-eb9d-459f-b0d7-c875592dabed,30.6126420565034,-96.3439343180617,38,8865.75
8d09d153-f475-4f7b-b815-d041ee32d285,30.6042118730671,-96.3482848613432,18,4301.62
8d09d153-f475-4f7b-b815-d041ee32d285,30.6202501428276,-96.3377866946332,4,916.91
fa49fc04-98c3-464a-b6d0-da4808def83c,30.6135271855311,-96.3385108911104,12,4375.05
8d09d153-f475-4f7b-b815-d041ee32d285,30.6118253238097,-96.3496232837214,11,2917.55
65da8aba-5a77-44d3-baab-11695d619ef3,30.6064314011593,-96.3157067487065,2,382.89
01a8fe84-5758-4cea-b642-41f6534cd8ac,30.6033616127587,-96.3558567378436,33,5880.78
fbfc6382-05c4-429c-9837-e0e3c37adaa9,30.6557880732887,-96.3376954995212,24,7793.47
f5ecdce1-597b-4c87-b15d-29fc5377f08b,30.6130162246833,-96.3447953072068,20,3131.44
fbfc6382-05c4-429c-9837-e0e3c37adaa9,30.6190941106733,-96.344583412682,5,859.12
2828670d-620c-4206-aac9-4fa44ee4e8b8,30.6107886499637,-96.3195369434081,2,164.92
d7ea0482-eb9d-459f-b0d7-c875592dabed,30.6195299696642,-96.3467506376952,8,1176.59
fbfc6382-05c4-429c-9837-e0e3c37adaa9,30.6557344291052,-96.3377370737634,41,13391.97
fbfc6382-05c4-429c-9837-e0e3c37adaa9,30.6400327765961,-96.3281629281141,19,5731.73
d7ea0482-eb9d-459f-b0d7-c875592dabed,30.6128888197475,-96.3421600366926,0,0
01a8fe84-5758-4cea-b642-41f6534cd8ac,30.5991867541782,-96.3527735383972,19,2820.21
764b2b11-004d-4943-bf06-88b4d67e463b,30.6056777003811,-96.3473367003999,22,4477.84
d7ea0482-eb9d-459f-b0d7-c875592dabed,30.6345262011603,-96.3656910577828,18,3943.13
01a8fe84-5758-4cea-b642-41f6534cd8ac,30.6056937936362,-96.3556086334949,31,5518.72
fa49fc04-98c3-464a-b6d0-da4808def83c,30.6275309996325,-96.3064853135637,0,0
764b2b11-004d-4943-bf06-88b4d67e463b,30.611768997417,-96.3494636922755,12,2912.67
fbfc6382-05c4-429c-9837-e0e3c37adaa9,30.6560844574025,-96.3432449903038,40,12864.03
01a8fe84-5758-4cea-b642-41f6534cd8ac,30.6083639328697,-96.3588527654918,28,4640.78
65da8aba-5a77-44d3-baab-11695d619ef3,30.613364911876,-96.338765700982,11,3431.68
8d09d153-f475-4f7b-b815-d041ee32d285,30.611323750694,-96.3471958844182,27,5356.73
d7ea0482-eb9d-459f-b0d7-c875592dabed,30.6163689861517,-96.343101492113,3,490.01
8d09d153-f475-4f7b-b815-d041ee32d285,30.6056777003811,-96.3473367003999,20,4505.63
8d09d153-f475-4f7b-b815-d041ee32d285,30.6178240846291,-96.3411166573236,6,1334.35
d7ea0482-eb9d-459f-b0d7-c875592dabed,30.6308529156955,-96.3619413293565,16,3399.09
8d09d153-f475-4f7b-b815-d041ee32d285,30.6123966343639,-96.3482942490753,13,3064.22
764b2b11-004d-4943-bf06-88b4d67e463b,30.6072400872254,-96.347521772833,25,4688.65
8d09d153-f475-4f7b-b815-d041ee32d285,30.6083491807192,-96.3459285405832,24,4922.37
fa49fc04-98c3-464a-b6d0-da4808def83c,30.6202876937561,-96.3217672003369,8,2025.56
fbfc6382-05c4-429c-9837-e0e3c37adaa9,30.6301086026495,-96.3246572807227,10,3583.17
8d09d153-f475-4f7b-b815-d041ee32d285,30.6058641139188,-96.3497815340627,17,4068.82
764b2b11-004d-4943-bf06-88b4d67e463b,30.6167270610766,-96.3351688584786,1,270.35
8d09d153-f475-4f7b-b815-d041ee32d285,30.6203708422405,-96.3358917138512,3,735.21
01a8fe84-5758-4cea-b642-41f6534cd8ac,30.6137243279054,-96.34143718132,58,9773.34
fa49fc04-98c3-464a-b6d0-da4808def83c,30.611752904162,-96.3315291006284,9,3356.32
fbfc6382-05c4-429c-9837-e0e3c37adaa9,30.617746300563,-96.3411287272649,61,20518.84
8d09d153-f475-4f7b-b815-d041ee32d285,30.6137900420302,-96.3508463711051,10,2669.87
f5ecdce1-597b-4c87-b15d-29fc5377f08b,30.6146738299533,-96.3422633017458,16,2561.01
f5ecdce1-597b-4c87-b15d-29fc5377f08b,30.6147422262873,-96.342334380289,22,3435.13
d7ea0482-eb9d-459f-b0d7-c875592dabed,30.6128888197475,-96.3421600366926,40,9049.35
fbfc6382-05c4-429c-9837-e0e3c37adaa9,30.6577849780193,-96.3490157633433,39,12280.94
01a8fe84-5758-4cea-b642-41f6534cd8ac,30.6015712381346,-96.3575948093888,23,3513.15
f5ecdce1-597b-4c87-b15d-29fc5377f08b,30.6125173337768,-96.3432825412322,13,2182.64
01a8fe84-5758-4cea-b642-41f6534cd8ac,30.6126487620264,-96.3438350763223,55,9475.89
3b608e2a-6753-4bbe-ab22-edf3d3dda9fe,30.6220713628573,-96.3581916009302,13,2682.56
8d09d153-f475-4f7b-b815-d041ee32d285,30.6083102886862,-96.3461672571997,16,3629.08
d7ea0482-eb9d-459f-b0d7-c875592dabed,30.6132026382209,-96.3447805550564,37,8763.62
fbfc6382-05c4-429c-9837-e0e3c37adaa9,30.6158110866434,-96.3436406161571,63,20844.89
8d09d153-f475-4f7b-b815-d041ee32d285,30.6187843155136,-96.3344379564785,2,510.7
3b608e2a-6753-4bbe-ab22-edf3d3dda9fe,30.6134319671054,-96.3413875604503,0,0
8d09d153-f475-4f7b-b815-d041ee32d285,30.6191155683467,-96.3446263280288,9,1830.82
fbfc6382-05c4-429c-9837-e0e3c37adaa9,30.6273459271995,-96.3276734249397,9,3161.96
764b2b11-004d-4943-bf06-88b4d67e463b,30.6142741807863,-96.3387884997599,28,5913.98
2828670d-620c-4206-aac9-4fa44ee4e8b8,30.6135365732632,-96.3383942150112,10,2691.38
d7ea0482-eb9d-459f-b0d7-c875592dabed,30.6164373824857,-96.3436097707516,33,8334.36
fbfc6382-05c4-429c-9837-e0e3c37adaa9,30.664832482626,-96.3545464786617,36,10849.61
3b608e2a-6753-4bbe-ab22-edf3d3dda9fe,30.6119567520593,-96.3492598443782,8,1269.15
65da8aba-5a77-44d3-baab-11695d619ef3,30.6071314577539,-96.317625869371,3,582.24
764b2b11-004d-4943-bf06-88b4d67e463b,30.6178240846291,-96.3411166573236,6,1322.7
d7ea0482-eb9d-459f-b0d7-c875592dabed,30.627032108726,-96.3584504341156,14,2859.01
fbfc6382-05c4-429c-9837-e0e3c37adaa9,30.6135620542504,-96.3413500095218,1,78.59
01a8fe84-5758-4cea-b642-41f6534cd8ac,30.6102911001617,-96.3462235835924,4,886.86
f8931a03-3bc9-4168-98a6-63fe30d60a2f,30.6067639950969,-96.3447416630233,12,1733.54
fbfc6382-05c4-429c-9837-e0e3c37adaa9,30.6618592537558,-96.355088284915,29,9900.44
3b608e2a-6753-4bbe-ab22-edf3d3dda9fe,30.6112835175564,-96.3472535519155,21,4374.94
fbfc6382-05c4-429c-9837-e0e3c37adaa9,30.625673569779,-96.3295026915969,8,2906.76
f5ecdce1-597b-4c87-b15d-29fc5377f08b,30.6170972059427,-96.3468512205393,5,1165.2
fbfc6382-05c4-429c-9837-e0e3c37adaa9,30.6329678376298,-96.3214855683735,11,4022.39
3b608e2a-6753-4bbe-ab22-edf3d3dda9fe,30.6156555185113,-96.3439048137608,3,381.95
d7ea0482-eb9d-459f-b0d7-c875592dabed,30.6284067409281,-96.3597325301011,15,3054.87
d7ea0482-eb9d-459f-b0d7-c875592dabed,30.6329369922243,-96.3638698377532,17,3695.12
f8931a03-3bc9-4168-98a6-63fe30d60a2f,30.6157037982764,-96.343101492113,3,345.2
65da8aba-5a77-44d3-baab-11695d619ef3,30.6116053826574,-96.3240658535996,5,1374.08
f5ecdce1-597b-4c87-b15d-29fc5377f08b,30.6219225002481,-96.349302759725,1,445.69
2828670d-620c-4206-aac9-4fa44ee4e8b8,30.6105915075893,-96.3210886014157,4,317.32
fbfc6382-05c4-429c-9837-e0e3c37adaa9,30.6588310395975,-96.3523940057989,26,9249.39
01a8fe84-5758-4cea-b642-41f6534cd8ac,30.5983069895689,-96.3543707939607,20,3001.58
01a8fe84-5758-4cea-b642-41f6534cd8ac,30.5995649456719,-96.3570650730768,36,6490.3
fbfc6382-05c4-429c-9837-e0e3c37adaa9,30.6381619356967,-96.3226791514563,49,16265.39
d7ea0482-eb9d-459f-b0d7-c875592dabed,30.6159076461737,-96.3433469142524,2,433.63
764b2b11-004d-4943-bf06-88b4d67e463b,30.6190954517779,-96.3446075525646,9,1814.03
fbfc6382-05c4-429c-9837-e0e3c37adaa9,30.6631789006698,-96.3525267751531,31,10288.56
3b608e2a-6753-4bbe-ab22-edf3d3dda9fe,30.6121310956556,-96.3495307475049,9,1301.5
01a8fe84-5758-4cea-b642-41f6534cd8ac,30.6046155455479,-96.3544110270984,32,5684.48
01a8fe84-5758-4cea-b642-41f6534cd8ac,30.6091699367267,-96.3609609819031,29,4861.4
8d09d153-f475-4f7b-b815-d041ee32d285,30.6098539000662,-96.3469062058274,15,3443.57
fbfc6382-05c4-429c-9837-e0e3c37adaa9,30.656183699142,-96.3434381093644,25,8344.17
f5ecdce1-597b-4c87-b15d-29fc5377f08b,30.6168263028161,-96.3424886073165,24,3732.32
01a8fe84-5758-4cea-b642-41f6534cd8ac,30.6044666829388,-96.3485517411561,43,8060.11
8d09d153-f475-4f7b-b815-d041ee32d285,30.6167887518876,-96.3350937566217,1,280.26
f5ecdce1-597b-4c87-b15d-29fc5377f08b,30.6179957460162,-96.3477417139853,4,1033.97
f5ecdce1-597b-4c87-b15d-29fc5377f08b,30.6159438559976,-96.3434045817497,9,1641.55
8d09d153-f475-4f7b-b815-d041ee32d285,30.6177610527135,-96.3433187510561,8,1635.14
3b608e2a-6753-4bbe-ab22-edf3d3dda9fe,30.6157601246691,-96.3431484307735,2,308.69
8d09d153-f475-4f7b-b815-d041ee32d285,30.6072333817025,-96.3475673703889,23,4722.52
01a8fe84-5758-4cea-b642-41f6534cd8ac,30.6095682447891,-96.3471851555816,6,1009.7
f8931a03-3bc9-4168-98a6-63fe30d60a2f,30.613670683722,-96.3413500095218,1,63.57
8d09d153-f475-4f7b-b815-d041ee32d285,30.6152478227167,-96.3383620285012,38,7743.58
fbfc6382-05c4-429c-9837-e0e3c37adaa9,30.6643014052094,-96.3523041517916,34,10520.46
8d09d153-f475-4f7b-b815-d041ee32d285,30.6203265857891,-96.336395969176,34,6937.45
fbfc6382-05c4-429c-9837-e0e3c37adaa9,30.6164373824857,-96.3431591596102,62,20761.44
8d09d153-f475-4f7b-b815-d041ee32d285,30.6163904438251,-96.3430679644983,30,6156.08
8d09d153-f475-4f7b-b815-d041ee32d285,30.6196453046587,-96.3350226780786,35,7089.03
f5ecdce1-597b-4c87-b15d-29fc5377f08b,30.6248179450523,-96.3525281162577,0,0
fbfc6382-05c4-429c-9837-e0e3c37adaa9,30.6376925490911,-96.3278397219086,48,15769.25
01a8fe84-5758-4cea-b642-41f6534cd8ac,30.6052405002856,-96.3474426476623,12,1619.41
01a8fe84-5758-4cea-b642-41f6534cd8ac,30.6052700045866,-96.350554010305,15,2014.19
f5ecdce1-597b-4c87-b15d-29fc5377f08b,30.6165486941665,-96.3486147730717,27,4556.58
01a8fe84-5758-4cea-b642-41f6534cd8ac,30.6012037754776,-96.3582586561596,35,6275.37
f5ecdce1-597b-4c87-b15d-29fc5377f08b,30.6161034474435,-96.3433697130304,23,3615.91
764b2b11-004d-4943-bf06-88b4d67e463b,30.6120801336813,-96.3486550062093,13,2997.38
764b2b11-004d-4943-bf06-88b4d67e463b,30.6102615958608,-96.346355011842,15,3339.2
3b608e2a-6753-4bbe-ab22-edf3d3dda9fe,30.6146885821038,-96.3423249925569,1,165.94
d7ea0482-eb9d-459f-b0d7-c875592dabed,30.6151539453956,-96.3446638789573,35,8538.51
01a8fe84-5758-4cea-b642-41f6534cd8ac,30.6072400872254,-96.3475311605651,48,8450.01
d7ea0482-eb9d-459f-b0d7-c875592dabed,30.634575,-96.354625,22,5538.62
764b2b11-004d-4943-bf06-88b4d67e463b,30.6158674130361,-96.3485463767377,10,2334.17
f8931a03-3bc9-4168-98a6-63fe30d60a2f,30.614577270423,-96.3449884262674,5,581.6
01a8fe84-5758-4cea-b642-41f6534cd8ac,30.613010860265,-96.3447014298857,54,9383.78
d7ea0482-eb9d-459f-b0d7-c875592dabed,30.6379996620416,-96.3617160237858,19,4484.81
01a8fe84-5758-4cea-b642-41f6534cd8ac,30.6102522081287,-96.3460639921465,52,8928.22
2828670d-620c-4206-aac9-4fa44ee4e8b8,30.613364911876,-96.338765700982,12,2733.56
fa49fc04-98c3-464a-b6d0-da4808def83c,30.6091873710863,-96.3343427380528,10,3748.34
fbfc6382-05c4-429c-9837-e0e3c37adaa9,30.6276771800326,-96.3347692093116,6,2197.16
d7ea0482-eb9d-459f-b0d7-c875592dabed,30.6125186748814,-96.3427675570707,39,8978.17
d7ea0482-eb9d-459f-b0d7-c875592dabed,30.6269650534967,-96.355172774504,25,6396.64
d7ea0482-eb9d-459f-b0d7-c875592dabed,30.6270508841903,-96.3551151070067,11,2333.91
764b2b11-004d-4943-bf06-88b4d67e463b,30.6064676109831,-96.3468096462971,23,4579.06
01a8fe84-5758-4cea-b642-41f6534cd8ac,30.5991599320864,-96.3527359874687,38,6993.04
764b2b11-004d-4943-bf06-88b4d67e463b,30.6123416490759,-96.3482687680881,14,3044.38
2828670d-620c-4206-aac9-4fa44ee4e8b8,30.6108181542646,-96.320265163199,3,234.64
f8931a03-3bc9-4168-98a6-63fe30d60a2f,30.6125173337768,-96.3430076147918,23,3650.67
65da8aba-5a77-44d3-baab-11695d619ef3,30.6090143685946,-96.3205266785936,4,929.72
01a8fe84-5758-4cea-b642-41f6534cd8ac,30.6032878520064,-96.3529586108302,41,7480.62
d7ea0482-eb9d-459f-b0d7-c875592dabed,30.6190739941045,-96.3445928004141,5,884.39
f8931a03-3bc9-4168-98a6-63fe30d60a2f,30.6130014725328,-96.3446719255848,22,3482.66
fbfc6382-05c4-429c-9837-e0e3c37adaa9,30.6377582632159,-96.3284204201949,18,5477.79
3b608e2a-6753-4bbe-ab22-edf3d3dda9fe,30.614707357568,-96.3449535575481,4,527.41
f8931a03-3bc9-4168-98a6-63fe30d60a2f,30.6130712099714,-96.3447148409316,6,750.99
764b2b11-004d-4943-bf06-88b4d67e463b,30.6177610527135,-96.3433187510561,8,1621.22
01a8fe84-5758-4cea-b642-41f6534cd8ac,30.5981178938221,-96.3551995965957,37,6730.49
f8931a03-3bc9-4168-98a6-63fe30d60a2f,30.6132026382209,-96.3417322243292,24,3794.46
d7ea0482-eb9d-459f-b0d7-c875592dabed,30.6260933355149,-96.3558406445885,12,2460.93
f8931a03-3bc9-4168-98a6-63fe30d60a2f,30.6098539000662,-96.3469062058274,9,1302.59
2828670d-620c-4206-aac9-4fa44ee4e8b8,30.6092235809102,-96.3343534668895,9,2075.73
764b2b11-004d-4943-bf06-88b4d67e463b,30.6190565597449,-96.339318236072,5,1102.85
f5ecdce1-597b-4c87-b15d-29fc5377f08b,30.6164414057995,-96.3491230517103,28,4606.63
f8931a03-3bc9-4168-98a6-63fe30d60a2f,30.6114954120812,-96.347183814477,7,1044.95
fbfc6382-05c4-429c-9837-e0e3c37adaa9,30.6350385031127,-96.3194497716099,53,16849.29
fa49fc04-98c3-464a-b6d0-da4808def83c,30.6285328047593,-96.3074294511932,1,143.33
fbfc6382-05c4-429c-9837-e0e3c37adaa9,30.6256936863478,-96.3295456069437,57,18267.27
764b2b11-004d-4943-bf06-88b4d67e463b,30.6203091514295,-96.3358032009484,3,717.67
3b608e2a-6753-4bbe-ab22-edf3d3dda9fe,30.6122155852446,-96.3483747153506,20,4225.86
764b2b11-004d-4943-bf06-88b4d67e463b,30.6042346718451,-96.3482808380294,20,4279.35
764b2b11-004d-4943-bf06-88b4d67e463b,30.6068176392804,-96.3471435813394,24,4629.39
f5ecdce1-597b-4c87-b15d-29fc5377f08b,30.6269690768104,-96.3551513168306,30,6073.36
3b608e2a-6753-4bbe-ab22-edf3d3dda9fe,30.612958557186,-96.3447148409316,22,4680.86
fbfc6382-05c4-429c-9837-e0e3c37adaa9,30.6466296700615,-96.333656092504,43,14493.32
01a8fe84-5758-4cea-b642-41f6534cd8ac,30.5986275135653,-96.3557011697114,21,3133.72
fbfc6382-05c4-429c-9837-e0e3c37adaa9,30.6244263425128,-96.3308947581586,7,2714.6
764b2b11-004d-4943-bf06-88b4d67e463b,30.6118025250317,-96.340773,26,5509.38
2828670d-620c-4206-aac9-4fa44ee4e8b8,30.6135352321586,-96.3385189377379,11,2703.31
3b608e2a-6753-4bbe-ab22-edf3d3dda9fe,30.6125106282539,-96.3429982270597,23,4852.4
01a8fe84-5758-4cea-b642-41f6534cd8ac,30.6083397929871,-96.3459298816878,49,8645.93
f8931a03-3bc9-4168-98a6-63fe30d60a2f,30.6094985073506,-96.3469518033833,18,2901.66
01a8fe84-5758-4cea-b642-41f6534cd8ac,30.6057930353757,-96.3556005868674,27,4218.46
fbfc6382-05c4-429c-9837-e0e3c37adaa9,30.6415026272239,-96.3299157518098,45,15219.11
fbfc6382-05c4-429c-9837-e0e3c37adaa9,30.6400810563613,-96.3282943563637,46,15440.43
01a8fe84-5758-4cea-b642-41f6534cd8ac,30.6085302298385,-96.3587991213083,30,5080.03
fbfc6382-05c4-429c-9837-e0e3c37adaa9,30.6349848589292,-96.3193625998117,12,4324.77
fbfc6382-05c4-429c-9837-e0e3c37adaa9,30.6593366360269,-96.3548334750434,38,11698.72
3b608e2a-6753-4bbe-ab22-edf3d3dda9fe,30.6134319671054,-96.3413875604503,24,5037.35
fbfc6382-05c4-429c-9837-e0e3c37adaa9,30.6383121394105,-96.3210993302524,15,4774.49
f8931a03-3bc9-4168-98a6-63fe30d60a2f,30.6146496900707,-96.3422901238376,2,204.7
d7ea0482-eb9d-459f-b0d7-c875592dabed,30.614232606544,-96.3450300005096,36,8646.71
f5ecdce1-597b-4c87-b15d-29fc5377f08b,30.6159210572196,-96.343325456579,17,2732.84
fbfc6382-05c4-429c-9837-e0e3c37adaa9,30.6367068372194,-96.3192915212686,13,4516.24
fbfc6382-05c4-429c-9837-e0e3c37adaa9,30.6130604811347,-96.3419293667036,68,21499.99
fbfc6382-05c4-429c-9837-e0e3c37adaa9,30.6594908630545,-96.3552438530471,27,9531.49
8d09d153-f475-4f7b-b815-d041ee32d285,30.6148267158763,-96.3379892014259,39,7802.41
764b2b11-004d-4943-bf06-88b4d67e463b,30.6202032041671,-96.33782960998,4,911.8
8d09d153-f475-4f7b-b815-d041ee32d285,30.6177248428896,-96.3411823714484,31,6389.53
8d09d153-f475-4f7b-b815-d041ee32d285,30.618536211165,-96.3346055945519,36,7218.57
f5ecdce1-597b-4c87-b15d-29fc5377f08b,30.615029222669,-96.344759097383,18,2902.01
8d09d153-f475-4f7b-b815-d041ee32d285,30.615159309814,-96.3373307190735,40,7875.43
8d09d153-f475-4f7b-b815-d041ee32d285,30.6102079516773,-96.3461766449318,26,5199.01
8d09d153-f475-4f7b-b815-d041ee32d285,30.6048770609425,-96.3473635224916,19,4416.63
8d09d153-f475-4f7b-b815-d041ee32d285,30.6190565597449,-96.339318236072,5,1114.5
fa49fc04-98c3-464a-b6d0-da4808def83c,30.618981457888,-96.3186276744978,6,1651.34
d7ea0482-eb9d-459f-b0d7-c875592dabed,30.6168303261298,-96.3425181116174,4,565.77
8d09d153-f475-4f7b-b815-d041ee32d285,30.6120211250794,-96.3487488835304,12,3003.96
fbfc6382-05c4-429c-9837-e0e3c37adaa9,30.6639406480754,-96.3515289933401,33,10436.22
3b608e2a-6753-4bbe-ab22-edf3d3dda9fe,30.6119513876409,-96.3488333731194,19,4173.08
764b2b11-004d-4943-bf06-88b4d67e463b,30.615159309814,-96.3373307190735,29,6084.59
2828670d-620c-4206-aac9-4fa44ee4e8b8,30.6148428091313,-96.3279282348113,8,1199.68
d7ea0482-eb9d-459f-b0d7-c875592dabed,30.6251679733496,-96.3567753944859,13,2597.17
01a8fe84-5758-4cea-b642-41f6534cd8ac,30.6068176392804,-96.3471435813394,47,8390.2
d7ea0482-eb9d-459f-b0d7-c875592dabed,30.6219225002481,-96.349302759725,27,7190
fbfc6382-05c4-429c-9837-e0e3c37adaa9,30.6549793872225,-96.3367205164862,42,13520.35
f8931a03-3bc9-4168-98a6-63fe30d60a2f,30.6041354301057,-96.3423035348835,13,2107.29
fbfc6382-05c4-429c-9837-e0e3c37adaa9,30.66325,-96.35185278,32,10353.47
fbfc6382-05c4-429c-9837-e0e3c37adaa9,30.646660515467,-96.3334897955352,22,6683.34
fbfc6382-05c4-429c-9837-e0e3c37adaa9,30.6382008277298,-96.3227006091297,16,4928.08
2828670d-620c-4206-aac9-4fa44ee4e8b8,30.6100590890681,-96.321792681324,5,406.95
fbfc6382-05c4-429c-9837-e0e3c37adaa9,30.6638628640093,-96.3534172685991,30,10174.45
01a8fe84-5758-4cea-b642-41f6534cd8ac,30.6034072103147,-96.3556274089591,25,3855.96
fbfc6382-05c4-429c-9837-e0e3c37adaa9,30.6605516767831,-96.3565179024051,28,9700.98
fbfc6382-05c4-429c-9837-e0e3c37adaa9,30.6130604811347,-96.3419293667036,0,0
fa49fc04-98c3-464a-b6d0-da4808def83c,30.6264822558452,-96.3097951596853,2,464.4
150ff52d-49ef-4879-b785-b166d3da3b95,30.6155388424122,-96.3140223213448,0,0
c301b660-69fb-4525-973d-ff832b31dbeb,30.6139523156853,-96.3396763109968,33,9350.91
a649a8b3-eefd-498c-b3a8-9d7936cad51e,30.6046919885094,-96.3389480912058,31,12490.97
3e641743-acb8-4b8d-b214-9b3fb497a261,30.6184047829154,-96.3235160007188,14,5621.59
0458d0bf-9368-456e-b653-1ccd6de8a4fa,30.611476636617,-96.319251288131,34,7808.35
0458d0bf-9368-456e-b653-1ccd6de8a4fa,30.6146711477441,-96.3278397219086,6,1769.46
3674600a-90ac-40a1-ba63-eda48a9a7872,30.626785345482,-96.3431363608322,9,2040.99
ced50c5d-f7fd-412f-8e73-29172987ee41,30.6090143685946,-96.3205266785936,29,8503.93
e88ce525-e5a0-42af-af4d-5aede733f371,30.6190565597449,-96.339318236072,19,3719.69
3674600a-90ac-40a1-ba63-eda48a9a7872,30.6225783003913,-96.3407518768759,15,3160.39
0458d0bf-9368-456e-b653-1ccd6de8a4fa,30.6100657945911,-96.3217028273167,38,8115.92
a649a8b3-eefd-498c-b3a8-9d7936cad51e,30.5815793920505,-96.3163652310589,15,6485.01
3674600a-90ac-40a1-ba63-eda48a9a7872,30.6208670509378,-96.3383915328021,16,3455.52
0458d0bf-9368-456e-b653-1ccd6de8a4fa,30.6092289453285,-96.3208539081129,8,2670.89
b8ea702b-5f2e-45d5-bd56-2f68bce0544c,30.6047872069351,-96.3390459918407,4,1478.39
b30c24fa-6810-491f-ba96-65a82e21e27b,30.6142446764853,-96.3400008583069,43,8052.58
3674600a-90ac-40a1-ba63-eda48a9a7872,30.6189492713779,-96.339402725661,4,765.47
a649a8b3-eefd-498c-b3a8-9d7936cad51e,30.6146107980377,-96.3390392863178,0,0
c301b660-69fb-4525-973d-ff832b31dbeb,30.5981111882991,-96.3374822638918,7,2226.85
0458d0bf-9368-456e-b653-1ccd6de8a4fa,30.6088614826716,-96.3343105515427,5,875.19
996c3f41-3f39-4f07-8473-ac189155b1e4,30.5971308408458,-96.395651334265,18,7648.14
b8ea702b-5f2e-45d5-bd56-2f68bce0544c,30.5852875462346,-96.3268969253836,6,3939.12
e88ce525-e5a0-42af-af4d-5aede733f371,30.6158888707095,-96.3433107044286,1,266.68
ced50c5d-f7fd-412f-8e73-29172987ee41,30.6112325555821,-96.3235991492032,4,2219.84
0458d0bf-9368-456e-b653-1ccd6de8a4fa,30.6141494580596,-96.3399619662739,1,66.29
996c3f41-3f39-4f07-8473-ac189155b1e4,30.6098686522167,-96.3530846746614,9,2045.56
ff761fcd-1ceb-4cef-ba4f-1f5857982a06,30.609051919523,-96.3345881601922,3,862.33
1c1e7c18-acbf-4cd9-bf44-34dacf806c73,30.6220713628573,-96.3581916009302,1,1380.59
3e641743-acb8-4b8d-b214-9b3fb497a261,30.6092584496295,-96.3116820938398,15,7142.67
f4cb3c5f-c56f-4d3d-82db-49e73ddbf288,30.6206417453672,-96.321071167056,4,2504.18
0458d0bf-9368-456e-b653-1ccd6de8a4fa,30.6190954517779,-96.3051884654276,19,4763.64
996c3f41-3f39-4f07-8473-ac189155b1e4,30.6076035265686,-96.3578093861228,35,16032.36
3674600a-90ac-40a1-ba63-eda48a9a7872,30.6127828724851,-96.3442937340912,23,4689.01
996c3f41-3f39-4f07-8473-ac189155b1e4,30.6056844059041,-96.3532630415716,37,16652.41
ced50c5d-f7fd-412f-8e73-29172987ee41,30.6173292170363,-96.2980524479182,15,5453.22
ced50c5d-f7fd-412f-8e73-29172987ee41,30.6155053147975,-96.2997476041166,14,5193.69
c301b660-69fb-4525-973d-ff832b31dbeb,30.6090425317909,-96.3345211049629,3,745.48
bd0e02a8-50ae-43d2-8520-1f7d4dfad887,30.6206202876938,-96.3211248112395,7,1700.67
3674600a-90ac-40a1-ba63-eda48a9a7872,30.6125709779603,-96.3424684907477,24,4865.14
ced50c5d-f7fd-412f-8e73-29172987ee41,30.6147382029735,-96.3054124298938,19,6447.57
c89e2bc8-3819-47af-a72c-9d8077509ac1,30.6040455760983,-96.340231528296,12,4472.67
c301b660-69fb-4525-973d-ff832b31dbeb,30.5881615333653,-96.348558446679,19,5402.98
e88ce525-e5a0-42af-af4d-5aede733f371,30.6139563389991,-96.3416571224724,29,5075.08
0458d0bf-9368-456e-b653-1ccd6de8a4fa,30.621490664571,-96.3036408307338,26,5788.47
996c3f41-3f39-4f07-8473-ac189155b1e4,30.6108436352517,-96.3540972086249,42,17465.09
a649a8b3-eefd-498c-b3a8-9d7936cad51e,30.5752614483393,-96.3153902480239,26,8482.25
c89e2bc8-3819-47af-a72c-9d8077509ac1,30.5960941669997,-96.336487164288,4,695.19
ff761fcd-1ceb-4cef-ba4f-1f5857982a06,30.5966721830769,-96.32084720259,13,4377.42
ff761fcd-1ceb-4cef-ba4f-1f5857982a06,30.59524444,-96.32368333,18,5285.79
ff761fcd-1ceb-4cef-ba4f-1f5857982a06,30.6046101811296,-96.339103659338,22,7790.43
0458d0bf-9368-456e-b653-1ccd6de8a4fa,30.612520015986,-96.3251910403485,40,8547.38
ced50c5d-f7fd-412f-8e73-29172987ee41,30.6090478962092,-96.3346283933299,2,767.61
c301b660-69fb-4525-973d-ff832b31dbeb,30.5865642778018,-96.3455007282198,17,5058.3
f4cb3c5f-c56f-4d3d-82db-49e73ddbf288,30.6092933183487,-96.3343400558436,22,8401.38
a649a8b3-eefd-498c-b3a8-9d7936cad51e,30.5836929728802,-96.3120468742875,18,7177.69
0458d0bf-9368-456e-b653-1ccd6de8a4fa,30.614561177168,-96.3394603931582,0,0
c89e2bc8-3819-47af-a72c-9d8077509ac1,30.5944311973114,-96.3398573601161,0,0
f4cb3c5f-c56f-4d3d-82db-49e73ddbf288,30.6089982753395,-96.3344138165959,2,687.02
996c3f41-3f39-4f07-8473-ac189155b1e4,30.6151432165589,-96.3495052665177,5,1089.46
150ff52d-49ef-4879-b785-b166d3da3b95,30.6150077649956,-96.3134094365483,1,83.17
bd0e02a8-50ae-43d2-8520-1f7d4dfad887,30.6242868676356,-96.3154519388349,0,0
3674600a-90ac-40a1-ba63-eda48a9a7872,30.6133126087971,-96.3414412046338,25,4993.37
b8ea702b-5f2e-45d5-bd56-2f68bce0544c,30.5929398890102,-96.3100808149624,27,11403.27
0458d0bf-9368-456e-b653-1ccd6de8a4fa,30.621513463349,-96.3031499864548,21,5138.05
bd0e02a8-50ae-43d2-8520-1f7d4dfad887,30.6190766763137,-96.3184814940978,6,1395.2
ff761fcd-1ceb-4cef-ba4f-1f5857982a06,30.6124247975603,-96.337354858956,24,8928.36
ced50c5d-f7fd-412f-8e73-29172987ee41,30.6114940709766,-96.3372462294844,1,398.06
ced50c5d-f7fd-412f-8e73-29172987ee41,30.6080232923045,-96.3128300793666,25,7581.23
ff761fcd-1ceb-4cef-ba4f-1f5857982a06,30.5983753859028,-96.3233228816582,16,4782.06
bd0e02a8-50ae-43d2-8520-1f7d4dfad887,30.6089660888294,-96.3343695601445,12,4785.8
ced50c5d-f7fd-412f-8e73-29172987ee41,30.6063777569757,-96.3162861058882,7,3104.31
996c3f41-3f39-4f07-8473-ac189155b1e4,30.5977048336092,-96.3699343126973,33,14433.51
ced50c5d-f7fd-412f-8e73-29172987ee41,30.61759722,-96.30206389,17,5993.91
996c3f41-3f39-4f07-8473-ac189155b1e4,30.5936386045002,-96.3759947643277,32,13698.53
a649a8b3-eefd-498c-b3a8-9d7936cad51e,30.5777961360095,-96.3144957312641,22,8092.51
ced50c5d-f7fd-412f-8e73-29172987ee41,30.6146590778029,-96.3391559624169,35,11076.39
b8ea702b-5f2e-45d5-bd56-2f68bce0544c,30.5878007762314,-96.290467160372,18,8749.64
3e641743-acb8-4b8d-b214-9b3fb497a261,30.6080232923045,-96.3128300793666,1,80.6
c89e2bc8-3819-47af-a72c-9d8077509ac1,30.5947074648564,-96.3359466991393,3,532.66
f4cb3c5f-c56f-4d3d-82db-49e73ddbf288,30.6240722909017,-96.3128247149482,16,5530.9
e88ce525-e5a0-42af-af4d-5aede733f371,30.6178240846291,-96.3411166573236,20,3939.54
e88ce525-e5a0-42af-af4d-5aede733f371,30.6159344682654,-96.3434179927956,23,4249.48
c301b660-69fb-4525-973d-ff832b31dbeb,30.6113599605179,-96.3367231986954,2,412.82
b30c24fa-6810-491f-ba96-65a82e21e27b,30.6034782888578,-96.3398627245344,10,1565.76
ced50c5d-f7fd-412f-8e73-29172987ee41,30.6191772591577,-96.3002840459516,16,5749.38
0458d0bf-9368-456e-b653-1ccd6de8a4fa,30.6119071311895,-96.3185109983987,33,7722.91
0458d0bf-9368-456e-b653-1ccd6de8a4fa,30.6108114487416,-96.3196187507879,35,7890.19
a649a8b3-eefd-498c-b3a8-9d7936cad51e,30.5817818988432,-96.3099399989808,19,7470.47
b8ea702b-5f2e-45d5-bd56-2f68bce0544c,30.59050278,-96.30896667,26,11112.24
a649a8b3-eefd-498c-b3a8-9d7936cad51e,30.5839303483922,-96.3253774538861,27,9839
ff761fcd-1ceb-4cef-ba4f-1f5857982a06,30.614447183278,-96.3388917648132,25,9196.88
0458d0bf-9368-456e-b653-1ccd6de8a4fa,30.6177892159098,-96.3101076370542,17,4271.3
150ff52d-49ef-4879-b785-b166d3da3b95,30.6206752729818,-96.3210497093826,16,5853.01
b30c24fa-6810-491f-ba96-65a82e21e27b,30.5846277227776,-96.3367902539248,22,3875.79
c301b660-69fb-4525-973d-ff832b31dbeb,30.6146282323973,-96.3391774200903,31,9202.21
996c3f41-3f39-4f07-8473-ac189155b1e4,30.6089419489468,-96.3519796044814,10,2193.12
b8ea702b-5f2e-45d5-bd56-2f68bce0544c,30.5959909019465,-96.3015433431592,14,7308.66
a649a8b3-eefd-498c-b3a8-9d7936cad51e,30.58479167,-96.31726944,11,5845.37
3674600a-90ac-40a1-ba63-eda48a9a7872,30.6164172659169,-96.3431752528653,20,4208.14
b30c24fa-6810-491f-ba96-65a82e21e27b,30.6050862732581,-96.3385645352939,36,6584.53
b30c24fa-6810-491f-ba96-65a82e21e27b,30.5881816499341,-96.3379489682882,27,4468.66
e88ce525-e5a0-42af-af4d-5aede733f371,30.6135030456485,-96.3412735665604,28,5012.77
b30c24fa-6810-491f-ba96-65a82e21e27b,30.6146631011166,-96.3391519391031,42,7959.02
e88ce525-e5a0-42af-af4d-5aede733f371,30.626785345482,-96.3431363608322,9,2036.2
b30c24fa-6810-491f-ba96-65a82e21e27b,30.5959399399722,-96.3365864060275,13,2460.78
f4cb3c5f-c56f-4d3d-82db-49e73ddbf288,30.6190713118953,-96.3184962462483,19,6307.41
996c3f41-3f39-4f07-8473-ac189155b1e4,30.6046370032213,-96.3542970332084,12,2729.41
150ff52d-49ef-4879-b785-b166d3da3b95,30.6169885764711,-96.3251722648842,15,5284.47
a649a8b3-eefd-498c-b3a8-9d7936cad51e,30.5805735636099,-96.3113132900782,20,7658.32
f4cb3c5f-c56f-4d3d-82db-49e73ddbf288,30.6264822558452,-96.3097951596853,15,5136.4
150ff52d-49ef-4879-b785-b166d3da3b95,30.6100671356957,-96.3217028273167,6,1058.09
3e641743-acb8-4b8d-b214-9b3fb497a261,30.6090143685946,-96.3205266785936,5,1009.04
150ff52d-49ef-4879-b785-b166d3da3b95,30.6136009462834,-96.3149342724642,2,296.95
0458d0bf-9368-456e-b653-1ccd6de8a4fa,30.6118387348556,-96.3184291910189,14,3221.63
b30c24fa-6810-491f-ba96-65a82e21e27b,30.6138182052266,-96.3395502471656,0,0
c301b660-69fb-4525-973d-ff832b31dbeb,30.6139523156853,-96.3396763109968,0,0
bd0e02a8-50ae-43d2-8520-1f7d4dfad887,30.6203064692203,-96.3170947919544,5,1204.78
996c3f41-3f39-4f07-8473-ac189155b1e4,30.5912675315897,-96.380427114989,16,6043.69
ced50c5d-f7fd-412f-8e73-29172987ee41,30.6063992146491,-96.3139941581484,26,7793.27
3e641743-acb8-4b8d-b214-9b3fb497a261,30.6089593833065,-96.33451439944,12,4135.34
ff761fcd-1ceb-4cef-ba4f-1f5857982a06,30.6005345642885,-96.3280100421912,7,3379.95
0458d0bf-9368-456e-b653-1ccd6de8a4fa,30.6094529097946,-96.3193853985897,11,2919.85
996c3f41-3f39-4f07-8473-ac189155b1e4,30.5938062425736,-96.3909011418164,29,12082.39
3674600a-90ac-40a1-ba63-eda48a9a7872,30.6287634747484,-96.3419548476908,10,2288.13
150ff52d-49ef-4879-b785-b166d3da3b95,30.6136009462834,-96.3383834861746,11,3330.78
0458d0bf-9368-456e-b653-1ccd6de8a4fa,30.6113398439491,-96.3366722367211,4,519.02
150ff52d-49ef-4879-b785-b166d3da3b95,30.6155388424122,-96.3140223213448,17,6734.7
150ff52d-49ef-4879-b785-b166d3da3b95,30.6108181542646,-96.320265163199,5,897.25
150ff52d-49ef-4879-b785-b166d3da3b95,30.6146858998946,-96.3277552323196,9,1833.05
f4cb3c5f-c56f-4d3d-82db-49e73ddbf288,30.6189640235284,-96.3185150217125,5,2811.59
ced50c5d-f7fd-412f-8e73-29172987ee41,30.606198048961,-96.3134402819538,8,3377.21
3674600a-90ac-40a1-ba63-eda48a9a7872,30.6125092871493,-96.3432490136176,42,8632.02
ced50c5d-f7fd-412f-8e73-29172987ee41,30.614362693689,-96.3397393429124,0,0
c301b660-69fb-4525-973d-ff832b31dbeb,30.5869920901652,-96.3467251567081,18,5184.71
c301b660-69fb-4525-973d-ff832b31dbeb,30.6045645835736,-96.3390889071875,27,7739.74
3674600a-90ac-40a1-ba63-eda48a9a7872,30.6204620373524,-96.3374929927285,6,1015.53
996c3f41-3f39-4f07-8473-ac189155b1e4,30.6092919772441,-96.3535366269074,40,17247.43
f4cb3c5f-c56f-4d3d-82db-49e73ddbf288,30.62002222,-96.31725833,6,2979.72
996c3f41-3f39-4f07-8473-ac189155b1e4,30.6055932107921,-96.3532831581404,11,2585.56
3e641743-acb8-4b8d-b214-9b3fb497a261,30.6133219965292,-96.3388314151067,11,3498.59
150ff52d-49ef-4879-b785-b166d3da3b95,30.612520015986,-96.3251910403485,8,1489.46
996c3f41-3f39-4f07-8473-ac189155b1e4,30.5977772532569,-96.39537506672,19,7724.68
b30c24fa-6810-491f-ba96-65a82e21e27b,30.6061108771629,-96.3373977743028,37,6743.95
1c1e7c18-acbf-4cd9-bf44-34dacf806c73,30.6121310956556,-96.3495307475049,0,0
c301b660-69fb-4525-973d-ff832b31dbeb,30.6047201517058,-96.339165350149,4,1399.68
ff761fcd-1ceb-4cef-ba4f-1f5857982a06,30.6048113468177,-96.3390245341673,4,1496.41
b8ea702b-5f2e-45d5-bd56-2f68bce0544c,30.5829996218085,-96.299600082612,22,9800.96
f4cb3c5f-c56f-4d3d-82db-49e73ddbf288,30.6275309996325,-96.3064853135637,13,4673.82
b8ea702b-5f2e-45d5-bd56-2f68bce0544c,30.614638961234,-96.33908086056,33,16909.33
c301b660-69fb-4525-973d-ff832b31dbeb,30.6115356452188,-96.337384363257,1,346.64
ff761fcd-1ceb-4cef-ba4f-1f5857982a06,30.5978496729046,-96.3309953410026,6,2966.99
b30c24fa-6810-491f-ba96-65a82e21e27b,30.5927132423349,-96.3381648861268,30,4998.32
ff761fcd-1ceb-4cef-ba4f-1f5857982a06,30.5975,-96.32116389,14,4474.27
ff761fcd-1ceb-4cef-ba4f-1f5857982a06,30.5992940425452,-96.3264691130202,8,3581.75
b8ea702b-5f2e-45d5-bd56-2f68bce0544c,30.6114860243491,-96.3370920024569,2,491.33
f4cb3c5f-c56f-4d3d-82db-49e73ddbf288,30.6285153703997,-96.3073208217216,14,4809.27
a649a8b3-eefd-498c-b3a8-9d7936cad51e,30.611499435395,-96.3372019730331,2,487.48
b30c24fa-6810-491f-ba96-65a82e21e27b,30.5882124953397,-96.3380039535763,19,3442.83
b30c24fa-6810-491f-ba96-65a82e21e27b,30.5897668355564,-96.3380562566552,18,3270.04
ff761fcd-1ceb-4cef-ba4f-1f5857982a06,30.596037840607,-96.323749352917,10,4027.44
ff761fcd-1ceb-4cef-ba4f-1f5857982a06,30.5958031473042,-96.3338036140086,5,2615.04
996c3f41-3f39-4f07-8473-ac189155b1e4,30.6168142328748,-96.3424698318523,2,123.06
3674600a-90ac-40a1-ba63-eda48a9a7872,30.6212224436535,-96.3383861683837,7,1135.67
c301b660-69fb-4525-973d-ff832b31dbeb,30.5908933634098,-96.3354706070108,10,3359.14
996c3f41-3f39-4f07-8473-ac189155b1e4,30.613472200243,-96.3510086447602,43,17880.49
a649a8b3-eefd-498c-b3a8-9d7936cad51e,30.6090022986532,-96.3346874019317,3,854.67
e88ce525-e5a0-42af-af4d-5aede733f371,30.6198344004056,-96.3380616210736,5,940.61
bd0e02a8-50ae-43d2-8520-1f7d4dfad887,30.6263146177718,-96.3138801642585,1,270.85
b8ea702b-5f2e-45d5-bd56-2f68bce0544c,30.5824900020653,-96.3002196729314,23,9882.94
b30c24fa-6810-491f-ba96-65a82e21e27b,30.5854820063998,-96.3376807473708,21,3748.24
996c3f41-3f39-4f07-8473-ac189155b1e4,30.6030236544027,-96.3631134547659,34,15313.8
996c3f41-3f39-4f07-8473-ac189155b1e4,30.6016195178997,-96.3651143828103,14,4176.6
e88ce525-e5a0-42af-af4d-5aede733f371,30.6126460798172,-96.3439839389314,26,4717.73
996c3f41-3f39-4f07-8473-ac189155b1e4,30.6045498314232,-96.4067932311769,24,9141.93
e88ce525-e5a0-42af-af4d-5aede733f371,30.6281103568143,-96.3409731591328,11,2401.99
f4cb3c5f-c56f-4d3d-82db-49e73ddbf288,30.6184356283209,-96.3235911025757,3,2160.43
bd0e02a8-50ae-43d2-8520-1f7d4dfad887,30.6242868676356,-96.3154519388349,16,7347.76
b30c24fa-6810-491f-ba96-65a82e21e27b,30.6074506406456,-96.3363745115026,5,976.08
e88ce525-e5a0-42af-af4d-5aede733f371,30.625527389379,-96.3410187566888,13,2693.81
c301b660-69fb-4525-973d-ff832b31dbeb,30.5981339870771,-96.3374313019175,24,6939.59
ff761fcd-1ceb-4cef-ba4f-1f5857982a06,30.5964817462255,-96.3216411365057,17,5046.92
e88ce525-e5a0-42af-af4d-5aede733f371,30.6202072274808,-96.3377478026001,18,3522.46
3674600a-90ac-40a1-ba63-eda48a9a7872,30.6098659700076,-96.3531342955312,33,6896.29
996c3f41-3f39-4f07-8473-ac189155b1e4,30.619088746255,-96.3446330335518,4,449.69
f4cb3c5f-c56f-4d3d-82db-49e73ddbf288,30.6115021176041,-96.337224771811,1,300.14
3674600a-90ac-40a1-ba63-eda48a9a7872,30.6113022930206,-96.3473581580733,28,5769.29
ff761fcd-1ceb-4cef-ba4f-1f5857982a06,30.5989587663984,-96.3225450409976,15,4683.38
3674600a-90ac-40a1-ba63-eda48a9a7872,30.6282310562272,-96.3411662781934,11,2383.97
a649a8b3-eefd-498c-b3a8-9d7936cad51e,30.5873555295083,-96.3283091085141,28,10311.77
3674600a-90ac-40a1-ba63-eda48a9a7872,30.6255112961239,-96.3410710597677,13,2697.51
3674600a-90ac-40a1-ba63-eda48a9a7872,30.6138410040045,-96.3450018373133,22,4553.32
c301b660-69fb-4525-973d-ff832b31dbeb,30.6040241184249,-96.3401524031253,5,1521.72
0458d0bf-9368-456e-b653-1ccd6de8a4fa,30.6178442011979,-96.3102028554799,30,6674.84
ced50c5d-f7fd-412f-8e73-29172987ee41,30.61081681316,-96.3097026234688,23,7150.09
996c3f41-3f39-4f07-8473-ac189155b1e4,30.5908437425401,-96.3792013453961,31,13262.04
996c3f41-3f39-4f07-8473-ac189155b1e4,30.6076813106347,-96.3578295026916,13,3207.5
e88ce525-e5a0-42af-af4d-5aede733f371,30.6163689861517,-96.343101492113,2,323.66
a649a8b3-eefd-498c-b3a8-9d7936cad51e,30.6146107980377,-96.3390392863178,33,13900.84
3674600a-90ac-40a1-ba63-eda48a9a7872,30.6134775646614,-96.35083027785,37,7646.95
b30c24fa-6810-491f-ba96-65a82e21e27b,30.6136304505843,-96.3382198714149,41,7813.72
b30c24fa-6810-491f-ba96-65a82e21e27b,30.5867426447119,-96.337914099569,20,3606.39
0458d0bf-9368-456e-b653-1ccd6de8a4fa,30.6130457289842,-96.3155927548166,32,7416.49
996c3f41-3f39-4f07-8473-ac189155b1e4,30.5908584946906,-96.3819492686956,30,12999.18
3674600a-90ac-40a1-ba63-eda48a9a7872,30.6274854020766,-96.3407478535621,12,2475.98
561e49e0-c79e-4a22-a97d-2aee5f42cc10,30.614362693689,-96.3514257282868,1,1073.48
996c3f41-3f39-4f07-8473-ac189155b1e4,30.6164373824857,-96.3436097707516,0,0
996c3f41-3f39-4f07-8473-ac189155b1e4,30.6046557786856,-96.3543560418103,36,16497.52
b8ea702b-5f2e-45d5-bd56-2f68bce0544c,30.5929157491276,-96.3103597647166,9,5735.39
ff761fcd-1ceb-4cef-ba4f-1f5857982a06,30.5911790186869,-96.3307096857256,21,6095.71
996c3f41-3f39-4f07-8473-ac189155b1e4,30.6164373824857,-96.3436097707516,47,18911.49
b30c24fa-6810-491f-ba96-65a82e21e27b,30.5867413036073,-96.3378765486405,26,4308.46
ced50c5d-f7fd-412f-8e73-29172987ee41,30.6132629879274,-96.3049779120074,20,6616.68
996c3f41-3f39-4f07-8473-ac189155b1e4,30.6092919772441,-96.3535366269074,8,1968.27
3674600a-90ac-40a1-ba63-eda48a9a7872,30.61192188334,-96.3493604272223,30,6039.04
b30c24fa-6810-491f-ba96-65a82e21e27b,30.5844198515665,-96.33631818511,24,4000.96
996c3f41-3f39-4f07-8473-ac189155b1e4,30.6006324649234,-96.402444029,22,8538.77
3674600a-90ac-40a1-ba63-eda48a9a7872,30.6133863695494,-96.3412467444686,44,8853.82
a649a8b3-eefd-498c-b3a8-9d7936cad51e,30.5848476639299,-96.3265911535377,6,4004.01
0f8e7eb3-b5d6-4575-a3c4-312ba148149a,30.6143425771202,-96.3513546497437,0,0
f4cb3c5f-c56f-4d3d-82db-49e73ddbf288,30.6214946878847,-96.3155927548166,7,3208.06
996c3f41-3f39-4f07-8473-ac189155b1e4,30.6098311012883,-96.3530176194321,39,17169.63
3674600a-90ac-40a1-ba63-eda48a9a7872,30.6117247409657,-96.3494663744847,38,7881.36
e88ce525-e5a0-42af-af4d-5aede733f371,30.6256252900139,-96.3440979328214,8,1877.86
0458d0bf-9368-456e-b653-1ccd6de8a4fa,30.6116308636445,-96.337553342435,3,428.76
b30c24fa-6810-491f-ba96-65a82e21e27b,30.6039248766854,-96.3399928116794,35,6396.61
e88ce525-e5a0-42af-af4d-5aede733f371,30.6201844287029,-96.3375412724937,6,1003.77
b8ea702b-5f2e-45d5-bd56-2f68bce0544c,30.5850407829905,-96.2933800395358,20,9164.09
b8ea702b-5f2e-45d5-bd56-2f68bce0544c,30.5996735751434,-96.3053547623965,13,6760.61
3e641743-acb8-4b8d-b214-9b3fb497a261,30.6135942407604,-96.3383834861746,10,3446.15
150ff52d-49ef-4879-b785-b166d3da3b95,30.6112218267454,-96.3192968856869,4,794.36
0458d0bf-9368-456e-b653-1ccd6de8a4fa,30.62116879947,-96.3028066636805,20,5087.61
ff761fcd-1ceb-4cef-ba4f-1f5857982a06,30.6089888876074,-96.3343977233409,23,8453.23
ff761fcd-1ceb-4cef-ba4f-1f5857982a06,30.5973695574623,-96.3249040439668,9,3842.79
996c3f41-3f39-4f07-8473-ac189155b1e4,30.6003588795876,-96.4033828022112,27,10682.44
b30c24fa-6810-491f-ba96-65a82e21e27b,30.5946390685224,-96.3360459408788,14,2614.3
a649a8b3-eefd-498c-b3a8-9d7936cad51e,30.5931665356854,-96.3320481081038,30,11050.22
b30c24fa-6810-491f-ba96-65a82e21e27b,30.5841207852436,-96.3369297288018,23,3933.68
996c3f41-3f39-4f07-8473-ac189155b1e4,30.5972220359577,-96.3958457944301,20,7801.06
b8ea702b-5f2e-45d5-bd56-2f68bce0544c,30.5966467020897,-96.3082890992337,11,6322.54
c301b660-69fb-4525-973d-ff832b31dbeb,30.5939229186728,-96.3420420194889,22,6296.57
0458d0bf-9368-456e-b653-1ccd6de8a4fa,30.6112325555821,-96.3235991492032,7,2326.65
bd0e02a8-50ae-43d2-8520-1f7d4dfad887,30.6201535832973,-96.3200197410595,15,6713.94
b8ea702b-5f2e-45d5-bd56-2f68bce0544c,30.5897668355564,-96.3300833898832,30,13621.43
3674600a-90ac-40a1-ba63-eda48a9a7872,30.6153081724231,-96.342880209856,1,190.38
3674600a-90ac-40a1-ba63-eda48a9a7872,30.6238483264356,-96.3391935133453,14,2955.15
e88ce525-e5a0-42af-af4d-5aede733f371,30.6239341571292,-96.3391868078224,14,2942.87
0458d0bf-9368-456e-b653-1ccd6de8a4fa,30.6207114828057,-96.3045219364477,22,5296.65
3674600a-90ac-40a1-ba63-eda48a9a7872,30.6111950046536,-96.3473045138898,40,8159.85
0458d0bf-9368-456e-b653-1ccd6de8a4fa,30.6161611149407,-96.312077719693,16,4010.1
c301b660-69fb-4525-973d-ff832b31dbeb,30.5863805464733,-96.3445324507077,16,4963.45
ced50c5d-f7fd-412f-8e73-29172987ee41,30.61573611,-96.30389167,18,6264.69
ced50c5d-f7fd-412f-8e73-29172987ee41,30.6071167056034,-96.317671466927,6,2948.43
bd0e02a8-50ae-43d2-8520-1f7d4dfad887,30.6247870996468,-96.3120736963793,2,513.02
ced50c5d-f7fd-412f-8e73-29172987ee41,30.6127158172557,-96.3054915550644,21,6694.84
bd0e02a8-50ae-43d2-8520-1f7d4dfad887,30.6215590609049,-96.3156504223138,4,1008.69
c301b660-69fb-4525-973d-ff832b31dbeb,30.6136492260486,-96.3382426701929,30,9061.41
c301b660-69fb-4525-973d-ff832b31dbeb,30.6143103906101,-96.3400799834776,32,9295.47
150ff52d-49ef-4879-b785-b166d3da3b95,30.6092101698643,-96.3342850705555,10,2704.94
3e641743-acb8-4b8d-b214-9b3fb497a261,30.6116053826574,-96.3240658535996,6,1453.4
e88ce525-e5a0-42af-af4d-5aede733f371,30.6208670509378,-96.3383915328021,17,3426.73
996c3f41-3f39-4f07-8473-ac189155b1e4,30.602544880065,-96.4048258307472,23,8850.31
3674600a-90ac-40a1-ba63-eda48a9a7872,30.6139563389991,-96.3416571224724,0,0
0458d0bf-9368-456e-b653-1ccd6de8a4fa,30.6191544603797,-96.3052514973433,28,6179.38
e88ce525-e5a0-42af-af4d-5aede733f371,30.6149635085442,-96.3448355403444,24,4422.74
a649a8b3-eefd-498c-b3a8-9d7936cad51e,30.5820903528983,-96.3188502978593,13,6182.32
ced50c5d-f7fd-412f-8e73-29172987ee41,30.6088105206973,-96.311999935627,24,7463.1
ced50c5d-f7fd-412f-8e73-29172987ee41,30.6095038717689,-96.3065711442573,11,4260.65
ff761fcd-1ceb-4cef-ba4f-1f5857982a06,30.595430320229,-96.3232115699775,11,4112.31
150ff52d-49ef-4879-b785-b166d3da3b95,30.6125454969731,-96.3383928739067,13,3479.6
b30c24fa-6810-491f-ba96-65a82e21e27b,30.5856536677869,-96.3375962577818,25,4184.66
3674600a-90ac-40a1-ba63-eda48a9a7872,30.6198344004056,-96.3380616210736,5,927.09
996c3f41-3f39-4f07-8473-ac189155b1e4,30.5919018740595,-96.3838442494776,17,6378.07
996c3f41-3f39-4f07-8473-ac189155b1e4,30.6108369297288,-96.3542380246066,6,1748.12
ced50c5d-f7fd-412f-8e73-29172987ee41,30.6146309146065,-96.3279201881838,3,1660.05
b30c24fa-6810-491f-ba96-65a82e21e27b,30.5960941669997,-96.336487164288,33,5464.06
c301b660-69fb-4525-973d-ff832b31dbeb,30.6015189350557,-96.3389293157416,6,1823.68
3674600a-90ac-40a1-ba63-eda48a9a7872,30.6127359338245,-96.342097004777,43,8745.03
3674600a-90ac-40a1-ba63-eda48a9a7872,30.6107873088591,-96.354213884724,32,6750.89
996c3f41-3f39-4f07-8473-ac189155b1e4,30.6183055411759,-96.3454859760693,45,18634.21
b30c24fa-6810-491f-ba96-65a82e21e27b,30.6115396685326,-96.3373964331982,1,326.39
e88ce525-e5a0-42af-af4d-5aede733f371,30.6274854020766,-96.3407478535621,12,2474.7
c301b660-69fb-4525-973d-ff832b31dbeb,30.5952734109922,-96.340647270718,8,2663.98
996c3f41-3f39-4f07-8473-ac189155b1e4,30.6070711080474,-96.4097154980728,25,9537.66
f4cb3c5f-c56f-4d3d-82db-49e73ddbf288,30.613533891054,-96.3392927550848,26,9348.01
f4cb3c5f-c56f-4d3d-82db-49e73ddbf288,30.6136465438394,-96.3382533990296,23,9012.98
996c3f41-3f39-4f07-8473-ac189155b1e4,30.6099410718644,-96.3531946452376,7,1889.07
b8ea702b-5f2e-45d5-bd56-2f68bce0544c,30.6089781587707,-96.3344661196748,32,16140.93
996c3f41-3f39-4f07-8473-ac189155b1e4,30.5923551674101,-96.3780466543464,15,5785.9
a649a8b3-eefd-498c-b3a8-9d7936cad51e,30.5810630667843,-96.3166562507544,14,6421.24
0458d0bf-9368-456e-b653-1ccd6de8a4fa,30.614746249601,-96.3389869832389,44,10542.2
a649a8b3-eefd-498c-b3a8-9d7936cad51e,30.5761184141706,-96.3144715913815,25,8352.67
3674600a-90ac-40a1-ba63-eda48a9a7872,30.6178240846291,-96.3411166573236,19,3956.76
3674600a-90ac-40a1-ba63-eda48a9a7872,30.6190565597449,-96.339318236072,18,3736.91
3674600a-90ac-40a1-ba63-eda48a9a7872,30.6092919772441,-96.3535366269074,34,6970.78
f4cb3c5f-c56f-4d3d-82db-49e73ddbf288,30.6215590609049,-96.3156504223138,17,5919.49
e88ce525-e5a0-42af-af4d-5aede733f371,30.6212224436535,-96.3383861683837,7,1144.6
b30c24fa-6810-491f-ba96-65a82e21e27b,30.6016409755731,-96.3389319979508,34,6123.29
ff761fcd-1ceb-4cef-ba4f-1f5857982a06,30.59564444,-96.322725,12,4164.58
b30c24fa-6810-491f-ba96-65a82e21e27b,30.6090948348698,-96.3343306681115,40,7187.34
0458d0bf-9368-456e-b653-1ccd6de8a4fa,30.6147636839607,-96.3279081182425,41,8907.48
e88ce525-e5a0-42af-af4d-5aede733f371,30.6287634747484,-96.3419548476908,10,2283.34
150ff52d-49ef-4879-b785-b166d3da3b95,30.6133219965292,-96.3388314151067,12,3383.66
996c3f41-3f39-4f07-8473-ac189155b1e4,30.6089325612147,-96.3520292253512,38,17032.14
3e641743-acb8-4b8d-b214-9b3fb497a261,30.6147019931496,-96.3277914421434,8,1948.74
a649a8b3-eefd-498c-b3a8-9d7936cad51e,30.583667491893,-96.3151086160605,16,6746.33
b30c24fa-6810-491f-ba96-65a82e21e27b,30.6051171186636,-96.3386731647654,8,1316.44
0458d0bf-9368-456e-b653-1ccd6de8a4fa,30.6184262405888,-96.3081737642392,29,6470.31
c89e2bc8-3819-47af-a72c-9d8077509ac1,30.6133219965292,-96.3388314151067,9,3083.36
0458d0bf-9368-456e-b653-1ccd6de8a4fa,30.6130189068925,-96.3154720554037,15,3533.36
ced50c5d-f7fd-412f-8e73-29172987ee41,30.61214167,-96.30358611,12,4669.81
c301b660-69fb-4525-973d-ff832b31dbeb,30.5939524229737,-96.3393142127582,9,2858.42
b30c24fa-6810-491f-ba96-65a82e21e27b,30.6029324592908,-96.3395234250738,11,1634.55
ced50c5d-f7fd-412f-8e73-29172987ee41,30.614362693689,-96.3397393429124,36,11141.18
f4cb3c5f-c56f-4d3d-82db-49e73ddbf288,30.6146738299533,-96.3391532802077,24,9155.94
0458d0bf-9368-456e-b653-1ccd6de8a4fa,30.6092061465506,-96.3343937000271,42,9782.73
b8ea702b-5f2e-45d5-bd56-2f68bce0544c,30.5980776606844,-96.3068769161032,12,6531.17
c89e2bc8-3819-47af-a72c-9d8077509ac1,30.5952492711096,-96.3407250547841,14,5618.16
3e641743-acb8-4b8d-b214-9b3fb497a261,30.612520015986,-96.3251910403485,7,1601.42
150ff52d-49ef-4879-b785-b166d3da3b95,30.6119071311895,-96.3185109983987,3,687.37
b30c24fa-6810-491f-ba96-65a82e21e27b,30.6015189350557,-96.3389293157416,12,1801.58
a649a8b3-eefd-498c-b3a8-9d7936cad51e,30.5895254367307,-96.3300780254649,5,3386.4
3674600a-90ac-40a1-ba63-eda48a9a7872,30.6256614998377,-96.3442079033976,8,1879.45
3674600a-90ac-40a1-ba63-eda48a9a7872,30.6163689861517,-96.343101492113,2,310.14
ff761fcd-1ceb-4cef-ba4f-1f5857982a06,30.6142044433477,-96.3398788177895,1,98.17
e88ce525-e5a0-42af-af4d-5aede733f371,30.6139563389991,-96.3416571224724,0,0
a649a8b3-eefd-498c-b3a8-9d7936cad51e,30.5781367765747,-96.3139820882071,21,8030.48
b8ea702b-5f2e-45d5-bd56-2f68bce0544c,30.5886979752003,-96.307741928562,25,10879.98
e88ce525-e5a0-42af-af4d-5aede733f371,30.6189492713779,-96.339402725661,4,778.99
c89e2bc8-3819-47af-a72c-9d8077509ac1,30.6039557220909,-96.3399659895877,6,1629.99
f4cb3c5f-c56f-4d3d-82db-49e73ddbf288,30.6203064692203,-96.3170947919544,18,6115.58
3e641743-acb8-4b8d-b214-9b3fb497a261,30.6085422997798,-96.3122413344527,16,7238.55
0458d0bf-9368-456e-b653-1ccd6de8a4fa,30.6211929393526,-96.3029421152438,27,5863.03
ced50c5d-f7fd-412f-8e73-29172987ee41,30.61173056,-96.30793611,22,6952.99
b8ea702b-5f2e-45d5-bd56-2f68bce0544c,30.5951580759977,-96.3001217722965,15,7473.14
3674600a-90ac-40a1-ba63-eda48a9a7872,30.6097144251892,-96.3528499813586,35,7051.5
3674600a-90ac-40a1-ba63-eda48a9a7872,30.6151405343497,-96.3445767071591,21,4403.3
e88ce525-e5a0-42af-af4d-5aede733f371,30.6168450782803,-96.3424953128394,21,4110.47
ced50c5d-f7fd-412f-8e73-29172987ee41,30.61343889,-96.30210556,13,4871.86
ced50c5d-f7fd-412f-8e73-29172987ee41,30.6064314011593,-96.3157067487065,27,7957.1
ced50c5d-f7fd-412f-8e73-29172987ee41,30.6116053826574,-96.3240658535996,30,8948.29
c301b660-69fb-4525-973d-ff832b31dbeb,30.6090224152221,-96.3342957993922,28,8414.66
3e641743-acb8-4b8d-b214-9b3fb497a261,30.606350934884,-96.3139740415796,2,296.25
ced50c5d-f7fd-412f-8e73-29172987ee41,30.612520015986,-96.3251910403485,31,9096.31
561e49e0-c79e-4a22-a97d-2aee5f42cc10,30.6220713628573,-96.3581916009302,0,0
a649a8b3-eefd-498c-b3a8-9d7936cad51e,30.5769244180277,-96.3135355003795,24,8226.01
b8ea702b-5f2e-45d5-bd56-2f68bce0544c,30.5908987278282,-96.3142932244714,8,5297.44
bd0e02a8-50ae-43d2-8520-1f7d4dfad887,30.6240722909017,-96.3128247149482,3,620.1
a649a8b3-eefd-498c-b3a8-9d7936cad51e,30.5898271852629,-96.3164309451837,8,5122.51
ced50c5d-f7fd-412f-8e73-29172987ee41,30.6136210628522,-96.338375439547,34,10939
bd0e02a8-50ae-43d2-8520-1f7d4dfad887,30.6206283343213,-96.3210067940358,14,6605.81
0458d0bf-9368-456e-b653-1ccd6de8a4fa,30.6108181542646,-96.320265163199,36,7952.01
b30c24fa-6810-491f-ba96-65a82e21e27b,30.5919488127201,-96.3388260506884,17,3016.64
ced50c5d-f7fd-412f-8e73-29172987ee41,30.6052485469132,-96.311762560115,9,3569.25
c89e2bc8-3819-47af-a72c-9d8077509ac1,30.6090331440588,-96.3346686264675,11,3704.42
3674600a-90ac-40a1-ba63-eda48a9a7872,30.6108020610095,-96.3540556343827,36,7218.54
a649a8b3-eefd-498c-b3a8-9d7936cad51e,30.5867828778495,-96.3145654687026,10,5504.98
e88ce525-e5a0-42af-af4d-5aede733f371,30.6125548847052,-96.3427273239331,27,4838.33
bd0e02a8-50ae-43d2-8520-1f7d4dfad887,30.6133219965292,-96.3388314151067,11,4140.54
f4cb3c5f-c56f-4d3d-82db-49e73ddbf288,30.613533891054,-96.3392927550848,0,0
0458d0bf-9368-456e-b653-1ccd6de8a4fa,30.6217642499068,-96.3059354606828,24,5477.38
0458d0bf-9368-456e-b653-1ccd6de8a4fa,30.6126380331897,-96.338505526692,2,284.48
bd0e02a8-50ae-43d2-8520-1f7d4dfad887,30.617323852618,-96.3248329654236,13,6087.44
bd0e02a8-50ae-43d2-8520-1f7d4dfad887,30.6092329686423,-96.3343078693335,9,3486.91
0458d0bf-9368-456e-b653-1ccd6de8a4fa,30.6105472511379,-96.3194900047475,12,3041.86
b30c24fa-6810-491f-ba96-65a82e21e27b,30.5947503802032,-96.3359748623356,32,5306.9
a649a8b3-eefd-498c-b3a8-9d7936cad51e,30.6142218777074,-96.3398788177895,1,91.18
ff761fcd-1ceb-4cef-ba4f-1f5857982a06,30.614447183278,-96.3388917648132,0,0
e88ce525-e5a0-42af-af4d-5aede733f371,30.6213498485893,-96.3388971292315,16,3354.51
c301b660-69fb-4525-973d-ff832b31dbeb,30.5864180974018,-96.343140384146,15,4830.22
f4cb3c5f-c56f-4d3d-82db-49e73ddbf288,30.6236002220869,-96.3108546323094,10,3865.79
c89e2bc8-3819-47af-a72c-9d8077509ac1,30.5939631518104,-96.3367527029963,2,419.59
0458d0bf-9368-456e-b653-1ccd6de8a4fa,30.6088453894165,-96.3195449900356,10,2850.64
b30c24fa-6810-491f-ba96-65a82e21e27b,30.5939631518104,-96.3367527029963,31,5192.06
e88ce525-e5a0-42af-af4d-5aede733f371,30.6164172659169,-96.3431752528653,22,4191.02
f4cb3c5f-c56f-4d3d-82db-49e73ddbf288,30.6206725907727,-96.3209102345056,20,6598.87
150ff52d-49ef-4879-b785-b166d3da3b95,30.6089741354569,-96.3345854779831,14,4018.18
996c3f41-3f39-4f07-8473-ac189155b1e4,30.6178884576493,-96.3435132112213,3,278.64
c89e2bc8-3819-47af-a72c-9d8077509ac1,30.6114820010353,-96.3371134601303,10,3345.65
f4cb3c5f-c56f-4d3d-82db-49e73ddbf288,30.617453939763,-96.3248933151301,21,7121.36
b8ea702b-5f2e-45d5-bd56-2f68bce0544c,30.6142098077661,-96.3398654067436,1,88.9
0458d0bf-9368-456e-b653-1ccd6de8a4fa,30.6084578101908,-96.3199298870522,9,2793.98
c301b660-69fb-4525-973d-ff832b31dbeb,30.5902026945473,-96.3347182473372,11,3464.35
3674600a-90ac-40a1-ba63-eda48a9a7872,30.6130376823567,-96.3446303513426,41,8487.46
3674600a-90ac-40a1-ba63-eda48a9a7872,30.6139563389991,-96.3416571224724,26,5067.82
c89e2bc8-3819-47af-a72c-9d8077509ac1,30.5944311973114,-96.3398573601161,15,5741.25
b8ea702b-5f2e-45d5-bd56-2f68bce0544c,30.5910207683456,-96.2929133351394,17,8322.12
b8ea702b-5f2e-45d5-bd56-2f68bce0544c,30.6046799185681,-96.3390982949196,31,15489.48
3e641743-acb8-4b8d-b214-9b3fb497a261,30.6085422997798,-96.3122413344527,0,0
e88ce525-e5a0-42af-af4d-5aede733f371,30.6177248428896,-96.3411823714484,3,561.1
a649a8b3-eefd-498c-b3a8-9d7936cad51e,30.604800617981,-96.3390835427692,4,1482.97
3674600a-90ac-40a1-ba63-eda48a9a7872,30.6124502785474,-96.3484565227304,29,5934.54
c301b660-69fb-4525-973d-ff832b31dbeb,30.6038993956983,-96.3399968349932,26,7625.71
c89e2bc8-3819-47af-a72c-9d8077509ac1,30.6090948348698,-96.3343320092161,7,2415.13
f4cb3c5f-c56f-4d3d-82db-49e73ddbf288,30.626778639959,-96.3056994262754,12,4561.41
996c3f41-3f39-4f07-8473-ac189155b1e4,30.5977061747138,-96.3989719092233,28,11197.1
b30c24fa-6810-491f-ba96-65a82e21e27b,30.5897668355564,-96.3379851781121,28,4644.84
a649a8b3-eefd-498c-b3a8-9d7936cad51e,30.5850997915923,-96.3133678623061,17,6976.68
c301b660-69fb-4525-973d-ff832b31dbeb,30.6135285266357,-96.3383191131544,29,9046.14
b8ea702b-5f2e-45d5-bd56-2f68bce0544c,30.5936667676965,-96.2957886633747,16,7919.51
ced50c5d-f7fd-412f-8e73-29172987ee41,30.6092289453285,-96.3208539081129,5,2564.08
b30c24fa-6810-491f-ba96-65a82e21e27b,30.6083518629284,-96.3354062339906,4,839.68
996c3f41-3f39-4f07-8473-ac189155b1e4,30.6099692350608,-96.3531410010541,41,17331.66
3e641743-acb8-4b8d-b214-9b3fb497a261,30.6092034643414,-96.3343293270069,9,2822.95
3e641743-acb8-4b8d-b214-9b3fb497a261,30.6064314011593,-96.3157067487065,3,462.21
ff761fcd-1ceb-4cef-ba4f-1f5857982a06,30.59188889,-96.32951111,20,5956.55
b30c24fa-6810-491f-ba96-65a82e21e27b,30.594026183726,-96.336802323866,15,2713.66
a649a8b3-eefd-498c-b3a8-9d7936cad51e,30.5870028190018,-96.3223666740874,7,4473.75
b30c24fa-6810-491f-ba96-65a82e21e27b,30.6082579856072,-96.3352895578914,39,7056.74
ced50c5d-f7fd-412f-8e73-29172987ee41,30.6092007821322,-96.3343534668895,33,10315.14
a649a8b3-eefd-498c-b3a8-9d7936cad51e,30.6090653305689,-96.3344138165959,32,13142.29
b30c24fa-6810-491f-ba96-65a82e21e27b,30.6074117486126,-96.3362296722072,38,6926.64
3674600a-90ac-40a1-ba63-eda48a9a7872,30.6122839815786,-96.3484565227304,39,7996.2
c301b660-69fb-4525-973d-ff832b31dbeb,30.6016409755731,-96.3389319979508,25,7354.88
b8ea702b-5f2e-45d5-bd56-2f68bce0544c,30.6090210741175,-96.3346806964088,3,849.39
996c3f41-3f39-4f07-8473-ac189155b1e4,30.598355269334,-96.3985132514544,21,8085.58
e88ce525-e5a0-42af-af4d-5aede733f371,30.6224468721418,-96.3405614400244,15,3154.04
bd0e02a8-50ae-43d2-8520-1f7d4dfad887,30.613326019843,-96.3380455278185,10,4065.38
c301b660-69fb-4525-973d-ff832b31dbeb,30.5867305747706,-96.3378899596864,14,4326.77
e88ce525-e5a0-42af-af4d-5aede733f371,30.6132737167641,-96.3448355403444,25,4610.51
f4cb3c5f-c56f-4d3d-82db-49e73ddbf288,30.6246918812211,-96.3119744546398,9,3703.98
b8ea702b-5f2e-45d5-bd56-2f68bce0544c,30.5844895890051,-96.2952039417746,21,9349
b30c24fa-6810-491f-ba96-65a82e21e27b,30.5927762742505,-96.3382306002516,16,2908.48
a649a8b3-eefd-498c-b3a8-9d7936cad51e,30.5773468659727,-96.3139968403576,23,8161.58
f4cb3c5f-c56f-4d3d-82db-49e73ddbf288,30.6239489092796,-96.3128113039024,8,3589
b30c24fa-6810-491f-ba96-65a82e21e27b,30.59191662621,-96.338736196681,29,4894.29
3674600a-90ac-40a1-ba63-eda48a9a7872,30.6139563389991,-96.3416571224724,45,8928.33
c301b660-69fb-4525-973d-ff832b31dbeb,30.5886577420627,-96.3336614569224,12,3663.58
0f8e7eb3-b5d6-4575-a3c4-312ba148149a,30.6220713628573,-96.3581916009302,1,1079.37
b30c24fa-6810-491f-ba96-65a82e21e27b,30.6112727887197,-96.3366185925376,2,406.47
996c3f41-3f39-4f07-8473-ac189155b1e4,30.6059164169977,-96.4110861069611,26,9721.09
0458d0bf-9368-456e-b653-1ccd6de8a4fa,30.610563344393,-96.3210658026377,37,8033.65
b30c24fa-6810-491f-ba96-65a82e21e27b,30.6090331440588,-96.3345211049629,3,726.12
3674600a-90ac-40a1-ba63-eda48a9a7872,30.6137645610431,-96.3507779747711,31,6284.61
ced50c5d-f7fd-412f-8e73-29172987ee41,30.6146724888487,-96.3277619378425,32,9439.32
ced50c5d-f7fd-412f-8e73-29172987ee41,30.605652219394,-96.3107929414983,10,3672.26
b8ea702b-5f2e-45d5-bd56-2f68bce0544c,30.5868190876734,-96.3053198936772,24,10568.1
b8ea702b-5f2e-45d5-bd56-2f68bce0544c,30.5897158735821,-96.3301544684264,5,3356.68
f4cb3c5f-c56f-4d3d-82db-49e73ddbf288,30.6142205366028,-96.3399633073785,25,9248.34
3674600a-90ac-40a1-ba63-eda48a9a7872,30.6202957403836,-96.3378282688754,17,3538.77
c301b660-69fb-4525-973d-ff832b31dbeb,30.59536389,-96.34043611,23,6518.46
c301b660-69fb-4525-973d-ff832b31dbeb,30.5869907490606,-96.3330096800929,13,3859.03
b30c24fa-6810-491f-ba96-65a82e21e27b,30.6066754821942,-96.3370799325156,6,1085.49
0458d0bf-9368-456e-b653-1ccd6de8a4fa,30.611353254995,-96.3190688979071,13,3140.06
ced50c5d-f7fd-412f-8e73-29172987ee41,30.6071314577539,-96.317625869371,28,8156.45
0458d0bf-9368-456e-b653-1ccd6de8a4fa,30.622618533529,-96.3048679414313,25,5616.78
b30c24fa-6810-491f-ba96-65a82e21e27b,30.6059418979848,-96.3377504848093,7,1189.21
a649a8b3-eefd-498c-b3a8-9d7936cad51e,30.5892317348261,-96.3296341198465,29,10555.76
b8ea702b-5f2e-45d5-bd56-2f68bce0544c,30.5872214190496,-96.3219804359663,7,4456.2
996c3f41-3f39-4f07-8473-ac189155b1e4,30.6171468268124,-96.3445968237279,46,18788.51
3674600a-90ac-40a1-ba63-eda48a9a7872,30.6146121391423,-96.3424510563881,27,5173.06
a649a8b3-eefd-498c-b3a8-9d7936cad51e,30.5874601356661,-96.314977187811,9,5420.04
bd0e02a8-50ae-43d2-8520-1f7d4dfad887,30.6174002955794,-96.3249241605356,8,2210.6
f4cb3c5f-c56f-4d3d-82db-49e73ddbf288,30.6229846550813,-96.3099829143276,11,3973.62
c301b660-69fb-4525-973d-ff832b31dbeb,30.5919662470797,-96.3442052211884,21,5996.42
b8ea702b-5f2e-45d5-bd56-2f68bce0544c,30.587564741824,-96.328306426305,29,13323.49
ff761fcd-1ceb-4cef-ba4f-1f5857982a06,30.6114833421399,-96.3371671043138,2,496.51
0458d0bf-9368-456e-b653-1ccd6de8a4fa,30.614561177168,-96.3394603931582,45,10591.92
3e641743-acb8-4b8d-b214-9b3fb497a261,30.6105190879416,-96.3325161536048,13,4393.33
996c3f41-3f39-4f07-8473-ac189155b1e4,30.6164373824857,-96.3430491890341,1,53.61
c301b660-69fb-4525-973d-ff832b31dbeb,30.5898888760739,-96.3465414253796,20,5675.13
b8ea702b-5f2e-45d5-bd56-2f68bce0544c,30.5954262969152,-96.3071625713803,10,6149.33
3674600a-90ac-40a1-ba63-eda48a9a7872,30.6177248428896,-96.3411823714484,3,547.58
b8ea702b-5f2e-45d5-bd56-2f68bce0544c,30.58679763,-96.323625971295,28,12867.72
0458d0bf-9368-456e-b653-1ccd6de8a4fa,30.6130282946246,-96.3379650615433,43,10327.74
c89e2bc8-3819-47af-a72c-9d8077509ac1,30.6134158738503,-96.3381769560681,8,3019.91
0458d0bf-9368-456e-b653-1ccd6de8a4fa,30.6156783172892,-96.3126879222803,31,7013.07
b30c24fa-6810-491f-ba96-65a82e21e27b,30.6138182052266,-96.3395502471656,44,8116.63
b8ea702b-5f2e-45d5-bd56-2f68bce0544c,30.614638961234,-96.33908086056,0,0
150ff52d-49ef-4879-b785-b166d3da3b95,30.6116053826574,-96.3240658535996,7,1341.44
c89e2bc8-3819-47af-a72c-9d8077509ac1,30.5980924128349,-96.3375721178992,13,5181.4
ff761fcd-1ceb-4cef-ba4f-1f5857982a06,30.5935165639827,-96.3268003658533,19,5640.41
a649a8b3-eefd-498c-b3a8-9d7936cad51e,30.58277778,-96.31856667,12,6101.26
c89e2bc8-3819-47af-a72c-9d8077509ac1,30.6016409755731,-96.3389319979508,5,1354.42
0458d0bf-9368-456e-b653-1ccd6de8a4fa,30.6116053826574,-96.3240658535996,39,8399.36
0458d0bf-9368-456e-b653-1ccd6de8a4fa,30.6183712553007,-96.3080342893621,18,4479.85
c89e2bc8-3819-47af-a72c-9d8077509ac1,30.5928634460487,-96.3380549155506,1,245.1
996c3f41-3f39-4f07-8473-ac189155b1e4,30.6150547036561,-96.3493818848957,44,18115.28
b8ea702b-5f2e-45d5-bd56-2f68bce0544c,30.5860680691044,-96.2922414417411,19,9006.31
b30c24fa-6810-491f-ba96-65a82e21e27b,30.6040147306928,-96.3401202166152,9,1501.26
3e641743-acb8-4b8d-b214-9b3fb497a261,30.6071314577539,-96.317625869371,4,661.56
0458d0bf-9368-456e-b653-1ccd6de8a4fa,30.6211808694113,-96.3053641501286,23,5392.6